4 0.478814 0.475581 0.932527 0.870786
4 0.149928 0.471314 0.262642 0.851440
4 0.682509 0.780422 0.088290 0.214931
4 0.139545 0.474371 0.251895 0.858300
4 0.501204 0.776800 0.064802 0.201795
4 0.682380 0.780615 0.090111 0.216593
4 0.242062 0.467747 0.461015 0.883199
4 0.809461 0.471545 0.287490 0.832705
4 0.067509 0.574263 0.114394 0.703869
4 0.069773 0.401836 0.101294 0.703155
4 0.421391 0.174736 0.086502 0.222553
4 0.447563 0.781356 0.060184 0.209578
4 0.415737 0.174786 0.103489 0.223448
4 0.189405 0.396126 0.181607 0.613719
4 0.077462 0.572010 0.134178 0.702063
4 0.350201 0.229317 0.040123 0.114069
4 0.555416 0.781621 0.096588 0.210896
4 0.297738 0.172479 0.087627 0.230307
4 0.501113 0.777362 0.067155 0.202227
4 0.622425 0.781301 0.080405 0.213615
4 0.482063 0.186325 0.058829 0.209229
