4 0.840023 0.579758 0.127579 0.568398
4 0.626004 0.324051 0.201956 0.490223
4 0.315383 0.239849 0.187857 0.479699
4 0.173536 0.495145 0.170617 0.644461
4 0.173722 0.495953 0.169469 0.645765
4 0.719617 0.650305 0.141597 0.504550
4 0.686600 0.759899 0.141236 0.393463
4 0.562106 0.642323 0.167504 0.570100
4 0.315643 0.245274 0.185655 0.489742
4 0.430598 0.716080 0.126092 0.498271
4 0.331544 0.609237 0.147224 0.623731
4 0.452715 0.412655 0.135350 0.330446
4 0.314324 0.443062 0.189605 0.886125
4 0.151317 0.858102 0.302634 0.188256
4 0.153713 0.562296 0.306336 0.769913
