4 0.754983 0.565222 0.257982 0.869556
4 0.312772 0.548587 0.230918 0.901041
4 0.313518 0.550441 0.230629 0.899119
4 0.621097 0.474255 0.192388 0.798418
4 0.754835 0.565581 0.257321 0.868838
4 0.620634 0.475021 0.192687 0.795110
4 0.440888 0.457848 0.171651 0.787964
4 0.620245 0.474126 0.191708 0.792956
4 0.440900 0.458367 0.170810 0.788520
4 0.754788 0.563475 0.257831 0.873050
4 0.441409 0.461577 0.169954 0.784177
4 0.431269 0.169644 0.140855 0.215317
4 0.642290 0.186882 0.140981 0.222608
4 0.797212 0.257806 0.171003 0.255657
4 0.288457 0.221045 0.163550 0.244516
4 0.803155 0.257487 0.111668 0.258517
