4 0.156304 0.501461 0.236311 0.577430
4 0.167932 0.656713 0.193391 0.496035
4 0.155565 0.501694 0.235325 0.578361
4 0.897665 0.588438 0.165414 0.425541
4 0.357983 0.597709 0.193566 0.626827
4 0.733451 0.570883 0.172231 0.451500
4 0.505537 0.695747 0.139468 0.417244
4 0.646828 0.750594 0.141676 0.324271
4 0.898017 0.587984 0.165235 0.427346
4 0.733210 0.570708 0.172984 0.454550
4 0.557653 0.523981 0.173608 0.421154
4 0.359609 0.597612 0.194999 0.625318
4 0.345908 0.683591 0.172083 0.450220
4 0.365566 0.467596 0.184183 0.366747
