4 0.173550 0.748917 0.171222 0.443048
4 0.162542 0.257117 0.172436 0.447474
4 0.326863 0.790704 0.132500 0.361698
4 0.895418 0.375578 0.080825 0.209814
4 0.326989 0.790954 0.132484 0.362357
4 0.324203 0.298868 0.135562 0.364788
4 0.801308 0.362415 0.090040 0.235975
4 0.461996 0.816664 0.118901 0.310807
4 0.324115 0.298976 0.135737 0.364702
4 0.695631 0.842196 0.103876 0.261959
4 0.583446 0.338015 0.105065 0.286859
4 0.580121 0.830007 0.104885 0.287524
4 0.461832 0.816634 0.119001 0.310095
4 0.696735 0.347719 0.103720 0.267509
4 0.696698 0.348016 0.103425 0.267348
4 0.580129 0.829860 0.105028 0.288027
4 0.461352 0.324142 0.120060 0.313676
4 0.461087 0.324424 0.120370 0.313833
4 0.799860 0.858835 0.089589 0.229073
4 0.892387 0.867281 0.080415 0.209977
