4 0.512103 0.499959 0.975794 0.999154
4 0.236049 0.500125 0.414183 0.998015
4 0.237669 0.497290 0.411619 0.992593
4 0.496815 0.513234 0.284598 0.387323
4 0.447923 0.156881 0.394518 0.313762
4 0.142085 0.919723 0.231960 0.160554
4 0.075150 0.500271 0.150299 0.969959
4 0.273381 0.420388 0.339437 0.840775
4 0.056179 0.732721 0.112357 0.311969
4 0.779028 0.190471 0.400604 0.380941
4 0.463255 0.661183 0.464531 0.667359
4 0.076713 0.498093 0.153425 0.970928
4 0.500829 0.513189 0.293887 0.387070
4 0.533777 0.140307 0.218173 0.280615
