4 0.099735 0.245274 0.178921 0.475327
4 0.099486 0.750353 0.179314 0.472390
4 0.099539 0.245367 0.179051 0.475538
4 0.896716 0.245339 0.179779 0.475141
4 0.099887 0.750133 0.179326 0.472425
4 0.896690 0.750822 0.179987 0.472017
4 0.896813 0.750621 0.179887 0.472107
4 0.293398 0.245002 0.178141 0.474177
4 0.293653 0.244991 0.178264 0.474940
4 0.693387 0.244770 0.178433 0.473634
4 0.693486 0.751901 0.179282 0.470703
4 0.492073 0.244651 0.179359 0.473536
4 0.693410 0.244884 0.178221 0.475201
4 0.293366 0.751154 0.179036 0.471219
4 0.693364 0.751983 0.178653 0.470690
4 0.293262 0.751170 0.178960 0.471372
4 0.491747 0.750748 0.179108 0.471639
4 0.492025 0.244898 0.179317 0.474905
4 0.491557 0.750727 0.179486 0.471728
