4 0.056661 0.522160 0.113322 0.907532
4 0.921877 0.548562 0.156246 0.861622
4 0.778879 0.522156 0.160605 0.898072
4 0.628268 0.498074 0.153975 0.949570
4 0.479677 0.497855 0.150528 0.954849
4 0.628680 0.496476 0.154218 0.951454
4 0.628230 0.496259 0.152606 0.952257
4 0.478718 0.498463 0.150119 0.948943
4 0.778385 0.527062 0.162045 0.900803
4 0.333636 0.518077 0.161102 0.904188
4 0.180514 0.555804 0.169539 0.837657
4 0.921903 0.549645 0.156195 0.864321
4 0.332931 0.535439 0.159133 0.870320
4 0.180290 0.551394 0.168719 0.850124
4 0.334559 0.521868 0.161120 0.892749
4 0.057243 0.525711 0.114487 0.909569
4 0.921882 0.546498 0.155595 0.869031
4 0.073767 0.214868 0.091427 0.379302
4 0.885545 0.229689 0.105557 0.419648
4 0.180188 0.548399 0.167880 0.858666
4 0.739462 0.465470 0.115216 0.891467
4 0.735151 0.489021 0.109809 0.927592
4 0.224490 0.230255 0.107789 0.409934
4 0.741733 0.237295 0.116487 0.432103
4 0.355039 0.224410 0.120966 0.401959
4 0.498783 0.487915 0.996661 0.975829
4 0.628184 0.496484 0.154341 0.953475
4 0.221991 0.495286 0.099368 0.930149
4 0.371647 0.485224 0.089853 0.938343
4 0.778491 0.529925 0.162812 0.896575
4 0.980089 0.528726 0.039821 0.850564
4 0.182473 0.561996 0.167212 0.819794
