4 0.793278 0.557977 0.236906 0.712587
4 0.793904 0.558315 0.235820 0.712359
4 0.182139 0.445098 0.192809 0.705231
4 0.322481 0.550384 0.237644 0.726903
4 0.541942 0.540237 0.274412 0.746175
4 0.178786 0.445583 0.185780 0.705922
4 0.500889 0.502521 0.834799 0.832803
4 0.321995 0.579004 0.232324 0.680002
4 0.440306 0.233983 0.151149 0.287344
4 0.293250 0.455791 0.414782 0.740412
4 0.439660 0.234868 0.151442 0.284546
4 0.547829 0.559953 0.245590 0.699395
4 0.676924 0.228128 0.148797 0.272268
4 0.673082 0.386906 0.156518 0.584765
