4 0.533194 0.514909 0.410038 0.820698
4 0.533258 0.515728 0.410665 0.817679
4 0.158888 0.324760 0.248781 0.427422
4 0.287697 0.217776 0.124499 0.261163
4 0.375241 0.218781 0.102249 0.231930
4 0.853922 0.178559 0.106898 0.219473
4 0.758441 0.203226 0.124741 0.270694
4 0.760170 0.203415 0.121461 0.268783
4 0.689531 0.206755 0.083756 0.246022
4 0.908203 0.264470 0.181394 0.371465
4 0.852774 0.175125 0.106634 0.209181
4 0.636460 0.166075 0.068126 0.195817
4 0.448549 0.163125 0.106151 0.156783
4 0.584595 0.162723 0.138034 0.186231
4 0.907654 0.221990 0.180639 0.434503
