4 0.890299 0.508928 0.184482 0.587416
4 0.172475 0.621641 0.104773 0.358372
4 0.061614 0.638155 0.093789 0.326367
4 0.422823 0.594251 0.119664 0.416803
4 0.714580 0.551966 0.154857 0.501312
4 0.294005 0.611281 0.118514 0.389581
4 0.890660 0.507614 0.187380 0.584931
4 0.560562 0.578606 0.137644 0.446402
4 0.714533 0.563453 0.154008 0.523433
4 0.559576 0.749182 0.138919 0.501636
4 0.173355 0.530767 0.090400 0.175266
4 0.173159 0.770333 0.110273 0.459323
4 0.560154 0.660363 0.135292 0.283824
4 0.714740 0.648745 0.158716 0.700848
4 0.177151 0.900136 0.121788 0.199728
4 0.293316 0.758313 0.121648 0.481195
4 0.061237 0.899952 0.098995 0.200096
4 0.260817 0.686341 0.053623 0.222814
4 0.424585 0.483600 0.099137 0.197525
4 0.314661 0.689491 0.073254 0.233560
