4 0.841572 0.623945 0.136271 0.484346
4 0.182397 0.666142 0.152952 0.454232
4 0.182101 0.665157 0.152229 0.453980
4 0.182961 0.666606 0.153543 0.456014
4 0.701705 0.684361 0.132420 0.409855
4 0.369633 0.649567 0.145450 0.476151
4 0.542128 0.634327 0.165970 0.514818
4 0.541819 0.634477 0.166421 0.514710
4 0.426920 0.537876 0.200102 0.679650
4 0.264618 0.597564 0.116413 0.537956
4 0.654548 0.589506 0.106403 0.575251
4 0.278733 0.713291 0.089807 0.298612
4 0.651848 0.680940 0.067304 0.392036
4 0.656385 0.401052 0.098694 0.198118
4 0.262891 0.451715 0.112418 0.244225
4 0.427994 0.418073 0.195809 0.440485
