4 0.839754 0.498676 0.320492 0.831181
4 0.840448 0.498269 0.318737 0.836335
4 0.574536 0.645363 0.234832 0.708432
4 0.556506 0.413105 0.273205 0.654294
4 0.216812 0.605286 0.144765 0.423315
4 0.101373 0.574777 0.137122 0.379213
4 0.101454 0.575693 0.136937 0.379768
4 0.575034 0.644456 0.235449 0.711088
4 0.101188 0.575357 0.137086 0.379934
4 0.377286 0.618167 0.126406 0.407849
4 0.568241 0.646050 0.245409 0.707899
4 0.556729 0.415640 0.269383 0.662804
4 0.310479 0.400112 0.238928 0.618732
4 0.556579 0.415196 0.271026 0.663350
4 0.310300 0.401415 0.237094 0.624824
4 0.151854 0.271645 0.191742 0.523009
4 0.151760 0.271888 0.191113 0.523283
4 0.151716 0.269783 0.191152 0.519191
4 0.032112 0.395898 0.064223 0.460915
4 0.032588 0.396523 0.065175 0.460316
4 0.026324 0.268761 0.052609 0.197523
