4 0.808372 0.841483 0.113009 0.316799
4 0.186399 0.843688 0.148443 0.310754
4 0.340941 0.601473 0.142287 0.471123
4 0.340705 0.601002 0.142173 0.471200
4 0.340854 0.601240 0.142114 0.470819
4 0.166049 0.507030 0.252077 0.743456
4 0.837922 0.329906 0.111451 0.261538
4 0.133884 0.389329 0.184115 0.507113
4 0.336155 0.204318 0.115915 0.325285
4 0.812219 0.649768 0.226981 0.518158
4 0.838563 0.328771 0.113039 0.261093
4 0.615080 0.514060 0.171787 0.480914
4 0.240076 0.196054 0.138777 0.392108
4 0.731988 0.325936 0.109134 0.352116
4 0.840256 0.552962 0.167587 0.330023
4 0.614840 0.514693 0.172077 0.480910
4 0.840586 0.552531 0.166739 0.332089
4 0.034913 0.267745 0.069822 0.391314
4 0.478691 0.586535 0.154976 0.364869
4 0.518728 0.286831 0.131706 0.328902
4 0.162685 0.565845 0.249626 0.861511
4 0.652622 0.807304 0.154430 0.385391
4 0.760874 0.788749 0.123331 0.236104
4 0.480609 0.587807 0.158192 0.364813
4 0.035036 0.271063 0.070072 0.398124
4 0.519119 0.286964 0.132307 0.329876
4 0.706627 0.265494 0.160790 0.525380
4 0.168393 0.797084 0.230660 0.400929
4 0.035273 0.293620 0.070547 0.442523
4 0.736654 0.576063 0.095325 0.240712
4 0.683747 0.136147 0.117915 0.267905
4 0.507324 0.073604 0.201603 0.147208
4 0.737611 0.576567 0.093717 0.228312
4 0.456687 0.493981 0.164240 0.427079
4 0.508287 0.073990 0.199811 0.144988
4 0.137144 0.698764 0.162226 0.180446
4 0.474873 0.553337 0.145798 0.297411
4 0.838895 0.124337 0.231581 0.247514
4 0.432513 0.380587 0.117349 0.210103
