4 0.084126 0.666198 0.153883 0.422103
4 0.672315 0.784945 0.176152 0.362430
4 0.807567 0.437095 0.159238 0.419607
4 0.917541 0.212857 0.149049 0.401269
4 0.275536 0.670940 0.157230 0.414368
4 0.621616 0.437869 0.156300 0.417310
4 0.464846 0.671093 0.164147 0.414866
4 0.239642 0.441232 0.161038 0.414016
4 0.432413 0.439614 0.164283 0.425540
4 0.360390 0.207688 0.155132 0.405661
4 0.360305 0.208055 0.154379 0.406327
4 0.730700 0.213710 0.154085 0.397805
4 0.547380 0.214390 0.154012 0.402162
4 0.243516 0.561349 0.171754 0.660122
4 0.436836 0.558676 0.172596 0.656101
4 0.465828 0.743553 0.160336 0.271340
4 0.438400 0.557130 0.172731 0.655817
4 0.734004 0.332083 0.157203 0.645155
4 0.872966 0.808560 0.251760 0.382868
4 0.348024 0.356453 0.131875 0.586594
