4 0.804946 0.535402 0.351426 0.799691
4 0.482625 0.503095 0.310916 0.760548
4 0.171903 0.472963 0.316125 0.748503
4 0.171961 0.472811 0.316167 0.748500
4 0.172184 0.471041 0.319490 0.754646
4 0.171438 0.469213 0.315974 0.755341
4 0.322671 0.455465 0.201911 0.782351
4 0.322738 0.466808 0.201983 0.799887
4 0.883814 0.238273 0.210071 0.286953
4 0.598733 0.219281 0.202225 0.280847
4 0.598980 0.219422 0.201504 0.279683
4 0.884212 0.517255 0.209752 0.841308
4 0.600539 0.481200 0.202124 0.806702
4 0.883392 0.240842 0.210325 0.290650
4 0.882515 0.513940 0.211237 0.835550
4 0.600045 0.486158 0.202226 0.817781
4 0.884255 0.237565 0.209709 0.285780
4 0.599584 0.482555 0.201109 0.807867
4 0.461998 0.459812 0.921586 0.835136
