4 0.832188 0.495066 0.323919 0.767355
4 0.523344 0.665864 0.297990 0.400683
4 0.831393 0.494479 0.320415 0.768771
4 0.831408 0.494522 0.323985 0.766428
4 0.831316 0.494571 0.324177 0.767355
4 0.210552 0.265733 0.305039 0.357643
4 0.517098 0.279456 0.297643 0.353134
4 0.262147 0.644762 0.194370 0.409622
4 0.212717 0.665844 0.315752 0.371809
4 0.830741 0.290165 0.307910 0.356282
4 0.832839 0.695473 0.316952 0.361254
4 0.832928 0.692632 0.315804 0.365921
4 0.518860 0.482490 0.300020 0.756740
4 0.234618 0.914441 0.196669 0.170869
4 0.792693 0.927156 0.201723 0.145688
4 0.503974 0.924210 0.193808 0.151580
