4 0.130169 0.395797 0.159656 0.482262
4 0.311410 0.420788 0.133102 0.425978
4 0.130320 0.396805 0.159535 0.484128
4 0.311442 0.420262 0.132468 0.426815
4 0.130331 0.396397 0.159918 0.482481
4 0.607859 0.456311 0.099377 0.335578
4 0.607850 0.456279 0.099626 0.335598
4 0.474107 0.439122 0.115519 0.379279
4 0.940541 0.482049 0.080552 0.270359
4 0.474258 0.439267 0.114327 0.379071
4 0.837612 0.472525 0.087711 0.296240
4 0.729434 0.458785 0.100393 0.326616
4 0.942239 0.543728 0.074685 0.144602
4 0.942617 0.414733 0.114766 0.371349
