4 0.783686 0.617869 0.123080 0.289006
4 0.111200 0.709379 0.164661 0.353713
4 0.111366 0.709169 0.165025 0.354178
4 0.293363 0.548754 0.188952 0.299829
4 0.111537 0.709475 0.164960 0.353722
4 0.595894 0.465588 0.222209 0.442386
4 0.595909 0.464599 0.221586 0.439470
4 0.431221 0.745112 0.115565 0.230397
4 0.293367 0.548909 0.188620 0.300731
4 0.886566 0.764988 0.107596 0.165339
4 0.643464 0.724016 0.108420 0.169155
4 0.886809 0.765023 0.107407 0.165099
4 0.643329 0.724275 0.108790 0.170579
4 0.256113 0.693735 0.113607 0.192398
4 0.256450 0.693549 0.113710 0.194851
4 0.527409 0.684198 0.084641 0.141072
