4 0.868170 0.144122 0.182428 0.242084
4 0.095873 0.687096 0.114513 0.436613
4 0.909970 0.720487 0.117107 0.372837
4 0.246034 0.698808 0.118111 0.412452
4 0.766741 0.719906 0.118398 0.372429
4 0.598625 0.712200 0.157830 0.388942
4 0.782441 0.396185 0.086626 0.173357
4 0.910557 0.390311 0.083550 0.188240
4 0.306948 0.210876 0.103830 0.372398
4 0.657071 0.172811 0.118406 0.297229
4 0.412962 0.704022 0.157323 0.404373
4 0.910503 0.390314 0.083713 0.188577
4 0.412817 0.704163 0.157496 0.404225
4 0.479472 0.196032 0.132145 0.343049
4 0.306303 0.210387 0.103035 0.371979
4 0.110525 0.223158 0.143602 0.396381
