4 0.816361 0.250489 0.113399 0.416239
4 0.068037 0.253206 0.076110 0.426283
4 0.067920 0.253839 0.076199 0.426310
4 0.355108 0.242084 0.200628 0.405220
4 0.931993 0.159586 0.091603 0.231752
4 0.942366 0.624922 0.072253 0.527893
4 0.653082 0.248120 0.114456 0.420934
4 0.178850 0.227531 0.088500 0.375091
4 0.179045 0.226387 0.089042 0.373617
4 0.355194 0.242571 0.200183 0.406750
4 0.355234 0.242085 0.200521 0.406679
4 0.418397 0.674339 0.073563 0.432460
4 0.653235 0.249199 0.114194 0.420273
4 0.094310 0.695808 0.145729 0.393543
4 0.277530 0.686301 0.161505 0.414289
4 0.418365 0.674106 0.073314 0.433291
4 0.942720 0.623811 0.072216 0.525631
4 0.506526 0.232200 0.079815 0.392115
4 0.548123 0.677082 0.099487 0.428169
4 0.548253 0.676815 0.099299 0.428667
4 0.548230 0.676788 0.099394 0.427883
4 0.277288 0.685925 0.161538 0.414546
4 0.810459 0.690228 0.094882 0.392425
4 0.678217 0.684340 0.070990 0.398053
4 0.810503 0.689390 0.094593 0.391090
4 0.506489 0.232167 0.079718 0.393760
4 0.093671 0.461703 0.155375 0.876566
