4 0.205042 0.434638 0.112100 0.585189
4 0.773252 0.430900 0.145604 0.578159
4 0.773305 0.430118 0.145331 0.578030
4 0.274084 0.491692 0.130872 0.620693
4 0.774024 0.428540 0.144800 0.575986
4 0.663301 0.469923 0.148761 0.611963
4 0.537143 0.509429 0.129070 0.632731
4 0.448840 0.484354 0.101396 0.649852
4 0.374003 0.553378 0.181062 0.665523
4 0.374208 0.554045 0.181390 0.660810
4 0.274490 0.485078 0.131069 0.614731
4 0.663443 0.472517 0.145652 0.598330
4 0.664445 0.478192 0.145414 0.611467
4 0.468789 0.219127 0.057699 0.251744
4 0.581231 0.267233 0.087529 0.269521
4 0.531483 0.513534 0.139339 0.627923
4 0.580268 0.258054 0.085872 0.250405
4 0.604564 0.196187 0.059279 0.235003
4 0.696292 0.221281 0.082582 0.228673
4 0.357539 0.246322 0.079450 0.251406
4 0.696209 0.221609 0.082694 0.229554
4 0.581311 0.426521 0.089936 0.586982
4 0.360308 0.246608 0.083268 0.250930
4 0.212335 0.435545 0.129973 0.585821
4 0.445698 0.303183 0.095704 0.297634
4 0.607804 0.470065 0.069450 0.603075
4 0.533312 0.491099 0.867266 0.839265
