4 0.387470 0.568647 0.286458 0.408781
4 0.668891 0.518261 0.274412 0.514118
4 0.146500 0.265035 0.272310 0.209793
4 0.424751 0.274246 0.270466 0.221818
4 0.277385 0.704705 0.217897 0.472324
4 0.904810 0.426893 0.189964 0.696481
4 0.512389 0.709507 0.223450 0.481724
4 0.736371 0.720908 0.217355 0.482173
4 0.683204 0.201875 0.256488 0.265789
4 0.927755 0.735184 0.144491 0.472809
4 0.906808 0.181653 0.186320 0.206180
4 0.512485 0.709412 0.222986 0.480091
4 0.121174 0.561817 0.242347 0.413030
4 0.120978 0.560564 0.241957 0.412989
4 0.668696 0.379501 0.274580 0.238107
