4 0.490389 0.458203 0.173606 0.610901
4 0.076904 0.458998 0.151607 0.587927
4 0.912715 0.445766 0.174571 0.617624
4 0.597810 0.486893 0.156309 0.683860
4 0.750226 0.522398 0.328165 0.791047
4 0.254251 0.516291 0.321696 0.755418
4 0.254047 0.514867 0.322248 0.756424
4 0.253293 0.515305 0.322270 0.755218
4 0.753788 0.522160 0.326782 0.791278
4 0.753738 0.522921 0.323838 0.791649
4 0.076758 0.458763 0.152972 0.583524
4 0.913327 0.447569 0.171490 0.611651
4 0.158687 0.455133 0.141688 0.596888
4 0.652979 0.483161 0.143253 0.687647
4 0.076320 0.458233 0.152640 0.583201
4 0.182327 0.272008 0.082780 0.236048
4 0.913305 0.448206 0.173391 0.610236
