4 0.488311 0.541272 0.679950 0.869379
4 0.102181 0.108330 0.204009 0.216659
4 0.572396 0.080779 0.185677 0.161554
4 0.327143 0.093254 0.202197 0.186508
4 0.050575 0.477930 0.101149 0.203359
4 0.946558 0.122529 0.106884 0.245058
4 0.810124 0.105245 0.224330 0.210392
4 0.327791 0.093334 0.200546 0.186668
4 0.810229 0.104120 0.224257 0.208109
4 0.072679 0.397147 0.145132 0.167375
4 0.050634 0.477952 0.101267 0.204343
4 0.810675 0.104137 0.225290 0.208273
4 0.072359 0.396477 0.144399 0.166273
4 0.811481 0.104852 0.225877 0.209682
4 0.681278 0.138245 0.044252 0.069912
4 0.837363 0.294980 0.325273 0.588849
4 0.681073 0.137717 0.042817 0.069319
