4 0.628288 0.496078 0.154213 0.952449
4 0.924688 0.548867 0.150625 0.859979
4 0.056758 0.518535 0.113516 0.916726
4 0.905312 0.508745 0.132833 0.886285
4 0.480119 0.496760 0.150047 0.956814
4 0.479639 0.495586 0.149777 0.953474
4 0.182443 0.545501 0.167415 0.852123
4 0.480318 0.495230 0.150224 0.954701
4 0.779527 0.524946 0.160454 0.893778
4 0.626682 0.497354 0.152344 0.951057
4 0.779358 0.530508 0.161108 0.893790
4 0.333213 0.513196 0.160458 0.913370
4 0.333307 0.525254 0.159818 0.893303
4 0.334069 0.515100 0.160827 0.907457
4 0.924303 0.548916 0.151269 0.862261
4 0.181617 0.548526 0.165885 0.861313
4 0.886932 0.228333 0.104642 0.415819
4 0.074262 0.212667 0.091174 0.374111
4 0.734934 0.489654 0.113757 0.935246
4 0.223333 0.230106 0.108953 0.410611
4 0.744142 0.232259 0.120108 0.423195
4 0.222455 0.478643 0.105694 0.917781
4 0.352202 0.223413 0.124889 0.401329
4 0.481170 0.494142 0.154531 0.960253
4 0.330328 0.526414 0.167308 0.894507
4 0.498955 0.488130 0.996448 0.976260
4 0.980822 0.537160 0.038357 0.857975
4 0.371738 0.486860 0.088372 0.941059
