4 0.302683 0.349263 0.142432 0.664433
4 0.208872 0.308130 0.107308 0.589964
4 0.383268 0.362873 0.147989 0.690093
4 0.502865 0.366757 0.173420 0.692450
4 0.217063 0.308813 0.123877 0.591187
4 0.788679 0.314394 0.101453 0.582717
4 0.382517 0.362962 0.147382 0.694337
4 0.300849 0.345956 0.139570 0.664189
4 0.633015 0.367224 0.136099 0.677614
4 0.717175 0.353956 0.102855 0.658554
4 0.503074 0.367906 0.174344 0.700420
4 0.632701 0.361494 0.137746 0.683889
4 0.712426 0.350860 0.113175 0.655738
4 0.905491 0.272901 0.189018 0.543266
4 0.521177 0.362652 0.684392 0.707997
4 0.906429 0.271185 0.187141 0.542222
4 0.905744 0.270952 0.188422 0.541177
