4 0.888678 0.488098 0.194752 0.635103
4 0.697852 0.541312 0.157015 0.527352
4 0.541056 0.587196 0.123872 0.433931
4 0.410677 0.622085 0.100598 0.363596
4 0.541233 0.587116 0.124375 0.434906
4 0.697902 0.541037 0.156685 0.524651
4 0.410572 0.621747 0.101023 0.362848
4 0.301062 0.649490 0.085567 0.308985
4 0.300894 0.649385 0.085725 0.308456
4 0.139750 0.703174 0.056048 0.197006
4 0.083275 0.709898 0.047455 0.185645
4 0.213233 0.670362 0.064899 0.260932
4 0.213160 0.670225 0.064967 0.259930
4 0.030836 0.753279 0.044583 0.099728
