4 0.890864 0.604858 0.218271 0.790283
4 0.427166 0.560257 0.155674 0.879486
4 0.891072 0.604869 0.217856 0.790261
4 0.244885 0.548434 0.149536 0.870521
4 0.552272 0.560189 0.215520 0.879622
4 0.186905 0.524487 0.125658 0.860198
4 0.427678 0.560066 0.156080 0.879868
4 0.330591 0.555053 0.156645 0.889634
4 0.744611 0.574261 0.221102 0.851478
4 0.891050 0.604979 0.217896 0.790041
4 0.744548 0.573386 0.220727 0.853228
4 0.551905 0.561845 0.216167 0.876310
4 0.027745 0.366523 0.055489 0.713025
4 0.116839 0.419519 0.132158 0.723111
4 0.552051 0.559609 0.216175 0.880782
4 0.116682 0.418033 0.131963 0.723810
4 0.046705 0.366640 0.093409 0.728322
4 0.085702 0.367353 0.078290 0.716385
4 0.044645 0.230849 0.089291 0.460037
4 0.502341 0.507552 0.995317 0.984897
4 0.449574 0.271437 0.110443 0.535422
4 0.656743 0.322256 0.107474 0.638127
4 0.657348 0.324295 0.105631 0.642226
4 0.161827 0.217173 0.231275 0.431903
4 0.138893 0.385471 0.277786 0.766947
