4 0.562348 0.371724 0.131830 0.743448
4 0.241359 0.344497 0.166177 0.685703
4 0.562746 0.370217 0.132589 0.740433
4 0.109829 0.438516 0.219639 0.877032
4 0.474687 0.519029 0.219480 0.750926
4 0.110341 0.438614 0.220682 0.877228
4 0.474247 0.521541 0.219779 0.749103
4 0.480749 0.923992 0.192020 0.152015
4 0.481034 0.923567 0.193033 0.152866
4 0.481048 0.923603 0.194814 0.152686
4 0.308562 0.940952 0.120479 0.118051
4 0.614176 0.938929 0.080511 0.122046
4 0.109514 0.928181 0.177707 0.143637
4 0.578293 0.937862 0.168493 0.124276
