4 0.826718 0.564351 0.217244 0.699166
4 0.119740 0.545876 0.157415 0.700678
4 0.238365 0.609895 0.168961 0.621191
4 0.449653 0.557535 0.241186 0.739919
4 0.120229 0.545756 0.157510 0.704189
4 0.449524 0.556155 0.239821 0.742726
4 0.669457 0.642623 0.205061 0.574875
4 0.669363 0.644465 0.204669 0.575788
4 0.608502 0.397403 0.170726 0.502553
4 0.668863 0.643812 0.205824 0.576054
4 0.346756 0.512688 0.142613 0.775863
4 0.237415 0.602927 0.166923 0.633282
4 0.608817 0.397219 0.170146 0.500885
4 0.608505 0.397728 0.169877 0.502572
4 0.346744 0.328763 0.139686 0.404511
4 0.470260 0.267433 0.132113 0.173564
