4 0.632147 0.526605 0.205822 0.823141
4 0.738913 0.481666 0.143402 0.789063
4 0.263264 0.477902 0.196626 0.782569
4 0.262908 0.478263 0.195885 0.782276
4 0.738880 0.479481 0.143426 0.780970
4 0.632283 0.527749 0.206668 0.818819
4 0.631168 0.525966 0.206088 0.826750
4 0.447050 0.500751 0.193656 0.800309
4 0.538313 0.225938 0.108221 0.307292
4 0.740324 0.475721 0.145412 0.778627
4 0.358748 0.206526 0.108432 0.297111
4 0.447992 0.502214 0.195429 0.799025
4 0.358616 0.417218 0.118446 0.683392
4 0.537227 0.419609 0.117197 0.679126
4 0.447070 0.193520 0.079716 0.179308
