4 0.190128 0.288593 0.219731 0.315560
4 0.501695 0.579313 0.350900 0.712177
4 0.914081 0.396196 0.169535 0.417784
4 0.501421 0.579766 0.352523 0.712177
4 0.914386 0.397311 0.168560 0.419955
4 0.914595 0.397539 0.167657 0.420562
4 0.903461 0.046229 0.102121 0.092457
4 0.837502 0.046496 0.064923 0.091770
4 0.837805 0.045884 0.065293 0.091725
4 0.979122 0.480168 0.041757 0.343535
4 0.079249 0.061510 0.112544 0.123021
4 0.965413 0.043047 0.069175 0.086074
4 0.669089 0.525448 0.200828 0.247126
4 0.021269 0.064755 0.042539 0.126717
4 0.057415 0.062836 0.058951 0.125453
