4 0.116156 0.512649 0.141032 0.601144
4 0.115531 0.512342 0.140672 0.600542
4 0.875868 0.500209 0.152950 0.591101
4 0.329527 0.585104 0.191697 0.596585
4 0.209563 0.541359 0.157325 0.600684
4 0.209939 0.539253 0.158331 0.612046
4 0.875626 0.498612 0.152536 0.590533
4 0.329888 0.589919 0.191100 0.590784
4 0.646061 0.583022 0.186148 0.592834
4 0.496248 0.618068 0.191485 0.594240
4 0.495367 0.619021 0.191732 0.591116
4 0.768456 0.540968 0.168537 0.603583
4 0.115388 0.508645 0.139088 0.593547
4 0.496351 0.618322 0.191896 0.596802
4 0.770756 0.537093 0.167145 0.589058
4 0.646451 0.583160 0.186087 0.597577
4 0.699660 0.326012 0.070824 0.233970
4 0.645438 0.580656 0.183223 0.594799
4 0.354374 0.287990 0.072695 0.157730
4 0.412161 0.384223 0.088221 0.279456
4 0.532488 0.312466 0.078273 0.212394
4 0.576043 0.375864 0.086379 0.270254
4 0.209103 0.531340 0.156674 0.594561
4 0.410750 0.565170 0.099033 0.652578
4 0.576202 0.377339 0.086142 0.272058
4 0.336915 0.314046 0.108974 0.212056
4 0.502837 0.470329 0.993293 0.923405
