4 0.125082 0.625195 0.086845 0.356705
4 0.240531 0.625963 0.084288 0.354154
4 0.583195 0.679552 0.086732 0.261128
4 0.909744 0.727292 0.083565 0.185667
4 0.909559 0.727579 0.083231 0.186800
4 0.691306 0.681934 0.087373 0.259369
4 0.355242 0.675047 0.087263 0.261888
4 0.464447 0.676198 0.083950 0.259079
4 0.464623 0.675982 0.084003 0.259687
4 0.796735 0.711785 0.084457 0.207686
4 0.355504 0.675138 0.086382 0.261802
4 0.796897 0.711726 0.084110 0.208388
4 0.793424 0.900380 0.089982 0.173395
4 0.579065 0.900601 0.086198 0.178619
4 0.687121 0.904077 0.091983 0.182947
4 0.354067 0.896689 0.083193 0.177045
4 0.239841 0.900569 0.084829 0.194233
4 0.906770 0.895213 0.086146 0.158185
4 0.461634 0.895414 0.082076 0.173348
4 0.687240 0.904181 0.092423 0.185371
4 0.578778 0.900760 0.085922 0.179812
4 0.792804 0.898919 0.087550 0.172299
4 0.127081 0.899350 0.086977 0.194920
