4 0.378216 0.576917 0.123445 0.634164
4 0.952832 0.513029 0.094335 0.746761
4 0.378090 0.576644 0.123151 0.638673
4 0.735827 0.624028 0.215090 0.542164
4 0.179552 0.533862 0.117899 0.709789
4 0.573006 0.522737 0.145466 0.722968
4 0.736072 0.624784 0.212719 0.543170
4 0.873800 0.572785 0.072976 0.601288
4 0.183866 0.536118 0.127629 0.714445
4 0.270920 0.603030 0.105888 0.557198
4 0.080985 0.522235 0.101293 0.722967
4 0.660893 0.403965 0.085251 0.459783
4 0.472384 0.541433 0.091612 0.684538
4 0.661133 0.401756 0.085273 0.455468
4 0.916126 0.527387 0.084254 0.698669
4 0.021886 0.543506 0.043741 0.663358
4 0.788084 0.548255 0.111496 0.661223
4 0.788283 0.455618 0.109330 0.476090
4 0.077756 0.316572 0.091030 0.312749
4 0.081483 0.552243 0.162966 0.682687
4 0.497719 0.545124 0.142643 0.689580
4 0.018976 0.337594 0.037952 0.251182
4 0.946398 0.511951 0.107186 0.783971
4 0.507479 0.646467 0.120949 0.481339
