4 0.584529 0.302394 0.160933 0.161296
4 0.688596 0.835353 0.164245 0.197168
4 0.313751 0.242678 0.124315 0.481687
4 0.748674 0.533496 0.121873 0.262494
4 0.359363 0.780505 0.225078 0.327149
4 0.651274 0.783400 0.240611 0.302902
4 0.260784 0.526957 0.122386 0.173793
4 0.584924 0.750000 0.100035 0.366154
4 0.176104 0.592909 0.120669 0.334711
4 0.689026 0.692873 0.124842 0.146478
4 0.689126 0.693936 0.123894 0.146990
4 0.425084 0.321983 0.124029 0.211082
4 0.749361 0.214143 0.196683 0.428077
4 0.689841 0.836141 0.161874 0.191110
4 0.547981 0.551910 0.175912 0.436506
4 0.158197 0.225879 0.199627 0.450360
4 0.217918 0.675530 0.133447 0.224294
4 0.273777 0.540655 0.086869 0.146888
4 0.397032 0.527130 0.171041 0.327371
4 0.516557 0.312746 0.297357 0.194574
4 0.159538 0.514934 0.088036 0.177195
4 0.158452 0.224664 0.199654 0.449328
4 0.161037 0.518182 0.091075 0.181985
4 0.213419 0.665471 0.126489 0.201760
