4 0.189736 0.289087 0.221167 0.316928
4 0.501364 0.581254 0.351044 0.714605
4 0.501303 0.580744 0.353179 0.713990
4 0.913961 0.397788 0.169467 0.420950
4 0.913988 0.398181 0.169151 0.421466
4 0.914933 0.401851 0.169402 0.429049
4 0.903483 0.046548 0.101985 0.093097
4 0.837029 0.046506 0.063868 0.093011
4 0.837401 0.046713 0.062655 0.093293
4 0.978527 0.483102 0.042946 0.337138
4 0.964875 0.043566 0.070251 0.087128
4 0.080992 0.061850 0.112420 0.123701
4 0.668745 0.526593 0.203953 0.248346
4 0.043903 0.064034 0.086675 0.128069
