4 0.099582 0.352794 0.179464 0.394591
4 0.257289 0.384015 0.130862 0.316911
4 0.388026 0.400961 0.109872 0.277176
4 0.093165 0.798306 0.181915 0.400758
4 0.092367 0.798375 0.180575 0.402949
4 0.498071 0.413533 0.098081 0.247732
4 0.600191 0.427569 0.090357 0.219238
4 0.259755 0.837869 0.132157 0.318814
4 0.697856 0.431202 0.089457 0.215900
4 0.384707 0.856733 0.107353 0.279521
4 0.789859 0.433261 0.084065 0.211909
4 0.697874 0.431458 0.086390 0.211588
4 0.095776 0.576346 0.191525 0.845693
4 0.790411 0.432223 0.085411 0.209059
4 0.873604 0.445034 0.078056 0.183200
4 0.257449 0.687892 0.152605 0.623738
