4 0.777496 0.691829 0.179231 0.536898
4 0.565996 0.653601 0.197352 0.611782
4 0.659631 0.687603 0.180366 0.555608
4 0.568137 0.653645 0.201080 0.612250
4 0.460899 0.616396 0.218364 0.679605
4 0.777242 0.690045 0.178029 0.531125
4 0.184707 0.511147 0.301291 0.925572
4 0.466287 0.620066 0.212009 0.684736
4 0.330069 0.595702 0.203644 0.718778
4 0.870999 0.732613 0.190012 0.474177
4 0.870119 0.732899 0.190293 0.474173
4 0.184623 0.509805 0.301560 0.922689
4 0.330194 0.600323 0.203799 0.713114
4 0.870537 0.732119 0.190933 0.472032
4 0.459360 0.619946 0.222101 0.683019
4 0.470394 0.591359 0.203608 0.629164
4 0.565466 0.655805 0.202041 0.616085
4 0.328751 0.597282 0.203642 0.723193
4 0.185257 0.504849 0.304015 0.916182
4 0.504545 0.504498 0.974083 0.930521
