4 0.487945 0.540372 0.678995 0.870373
4 0.102266 0.108647 0.204533 0.217104
4 0.329994 0.093360 0.196125 0.186720
4 0.330003 0.093589 0.196562 0.187162
4 0.842458 0.288559 0.315084 0.576913
4 0.952673 0.122730 0.094655 0.245460
4 0.573141 0.080766 0.183903 0.161496
4 0.072550 0.396759 0.144966 0.167759
4 0.102142 0.108650 0.204285 0.217300
4 0.051494 0.476612 0.102887 0.197213
4 0.072736 0.396522 0.144444 0.166840
4 0.051914 0.475664 0.103827 0.200827
4 0.811249 0.116964 0.233175 0.233702
4 0.573424 0.081035 0.184366 0.162071
4 0.947560 0.295957 0.104808 0.590421
4 0.680788 0.137221 0.040666 0.068189
4 0.981179 0.291075 0.037643 0.582150
4 0.824674 0.130067 0.263637 0.259857
