4 0.187511 0.555187 0.293383 0.889625
4 0.649022 0.505950 0.495472 0.988099
4 0.188517 0.554357 0.291190 0.891287
4 0.189462 0.554012 0.290888 0.891977
4 0.648933 0.506195 0.494237 0.987611
4 0.367902 0.535450 0.331345 0.929099
4 0.367018 0.535592 0.331241 0.928816
4 0.527995 0.519907 0.250426 0.957410
4 0.528522 0.535392 0.252835 0.928528
4 0.326921 0.542884 0.268228 0.911962
4 0.662670 0.647078 0.142911 0.705844
4 0.443203 0.362516 0.178309 0.588883
4 0.757344 0.510855 0.276854 0.975596
4 0.661799 0.635624 0.140367 0.728753
