4 0.278235 0.439722 0.253063 0.612948
4 0.485120 0.520231 0.195306 0.410097
4 0.641292 0.388398 0.271475 0.520436
4 0.298065 0.596618 0.215878 0.510061
4 0.641421 0.390145 0.271160 0.521792
4 0.514964 0.516940 0.678988 0.833466
4 0.550056 0.778477 0.617834 0.313385
4 0.641628 0.386322 0.271502 0.515653
4 0.457517 0.218770 0.191373 0.248880
4 0.457570 0.217195 0.190026 0.245924
4 0.298253 0.596166 0.213748 0.511249
4 0.458189 0.397101 0.200409 0.607898
4 0.278570 0.436409 0.252464 0.601892
4 0.661325 0.503402 0.375936 0.755520
4 0.637715 0.508474 0.433655 0.783495
