4 0.192414 0.401802 0.244007 0.634073
4 0.192577 0.402061 0.241406 0.635819
4 0.754429 0.549879 0.362883 0.738135
4 0.442757 0.401140 0.206960 0.753741
4 0.320866 0.326083 0.138079 0.595779
4 0.754414 0.549889 0.360696 0.739586
4 0.658647 0.330603 0.182478 0.657349
4 0.754357 0.549245 0.360665 0.739208
4 0.754341 0.549622 0.363056 0.738622
4 0.443051 0.399106 0.206818 0.755879
4 0.319710 0.324160 0.138669 0.601090
4 0.392952 0.122672 0.143391 0.245344
4 0.855831 0.128195 0.288339 0.256389
4 0.298194 0.121443 0.340142 0.242886
4 0.296065 0.112435 0.335829 0.224871
