4 0.791495 0.554361 0.172638 0.728466
4 0.611513 0.618556 0.171754 0.586675
4 0.611996 0.618806 0.171973 0.585722
4 0.433279 0.560247 0.163876 0.691625
4 0.225952 0.565381 0.208647 0.687657
4 0.791472 0.554420 0.173043 0.726875
4 0.611743 0.619343 0.171986 0.587824
4 0.791598 0.556755 0.171959 0.722996
4 0.465436 0.314745 0.272402 0.626054
4 0.569598 0.413343 0.056725 0.277076
4 0.462256 0.353010 0.266839 0.702899
4 0.081200 0.561257 0.098383 0.507837
4 0.606275 0.282909 0.290058 0.565817
4 0.639737 0.414298 0.198535 0.295610
4 0.394032 0.451949 0.121496 0.479799
4 0.405340 0.421725 0.145867 0.419135
