4 0.267220 0.391907 0.125562 0.584770
4 0.947445 0.383463 0.102382 0.571146
4 0.267134 0.392279 0.125326 0.585301
4 0.375469 0.461833 0.162786 0.602182
4 0.878450 0.464694 0.146636 0.600370
4 0.627578 0.657218 0.179772 0.635761
4 0.761168 0.563134 0.154912 0.627424
4 0.506767 0.579053 0.151082 0.650884
4 0.762902 0.567390 0.154159 0.620296
4 0.376474 0.461979 0.162879 0.600510
4 0.442284 0.262345 0.084211 0.344918
4 0.879734 0.468411 0.148357 0.604127
4 0.613994 0.298420 0.109799 0.418954
4 0.707953 0.335268 0.087456 0.325769
4 0.782952 0.246361 0.103861 0.301082
4 0.757427 0.299353 0.155035 0.408235
4 0.547489 0.296732 0.083943 0.262136
4 0.948038 0.388485 0.102550 0.587162
4 0.755839 0.305058 0.158190 0.400612
4 0.266873 0.393206 0.128191 0.599843
