4 0.688510 0.501415 0.230402 0.561973
4 0.303636 0.491945 0.211248 0.544840
4 0.200068 0.418804 0.140233 0.437469
4 0.486489 0.608230 0.366502 0.720801
4 0.803979 0.413948 0.150591 0.442368
4 0.485515 0.606986 0.365086 0.720628
4 0.200288 0.420521 0.139845 0.438895
4 0.486157 0.606121 0.366790 0.723032
4 0.691464 0.499897 0.229958 0.560574
4 0.524474 0.281377 0.132732 0.163119
4 0.302567 0.489572 0.211778 0.551380
4 0.522075 0.277722 0.135241 0.157282
4 0.522379 0.275132 0.134592 0.152049
4 0.526573 0.461164 0.138657 0.522712
4 0.011636 0.293089 0.023249 0.399183
