4 0.312318 0.606998 0.170711 0.513185
4 0.498317 0.687906 0.122523 0.344920
4 0.312195 0.607583 0.171666 0.514716
4 0.605223 0.703688 0.091234 0.358411
4 0.605335 0.703133 0.091544 0.359266
4 0.658619 0.673749 0.072708 0.358755
4 0.408309 0.773355 0.066644 0.236012
4 0.812069 0.768274 0.066529 0.234605
4 0.408265 0.773193 0.066224 0.236807
4 0.200774 0.799101 0.064336 0.178590
4 0.711938 0.764230 0.088194 0.230682
4 0.812516 0.795147 0.064472 0.182304
4 0.200072 0.773153 0.066765 0.232675
4 0.711805 0.799595 0.083682 0.175834
