4 0.064119 0.597142 0.128239 0.804220
4 0.840610 0.724414 0.197839 0.551171
4 0.223460 0.402838 0.142088 0.805328
4 0.775696 0.419523 0.151814 0.836440
4 0.174270 0.738349 0.193598 0.523301
4 0.345846 0.603486 0.176469 0.792710
4 0.510331 0.728076 0.183127 0.543848
4 0.942229 0.593691 0.115541 0.812617
4 0.663427 0.595048 0.172910 0.809904
4 0.493312 0.302120 0.147338 0.599475
4 0.009935 0.402750 0.019865 0.775355
4 0.629256 0.259892 0.147355 0.516865
4 0.366621 0.267389 0.143511 0.532665
4 0.510275 0.500000 0.977129 1.000000
4 0.885773 0.233088 0.095205 0.465402
4 0.025499 0.404091 0.050900 0.782195
