4 0.143799 0.587149 0.280739 0.780528
4 0.492526 0.590617 0.275442 0.776016
4 0.195095 0.353954 0.265804 0.700358
4 0.194970 0.351192 0.265312 0.692111
4 0.853489 0.605825 0.279706 0.781075
4 0.853752 0.606195 0.278409 0.779109
4 0.493164 0.590937 0.276274 0.773287
4 0.524396 0.348276 0.251268 0.669996
4 0.856689 0.226977 0.248868 0.409017
4 0.524162 0.346609 0.250895 0.666204
4 0.524362 0.348271 0.250190 0.669634
4 0.856976 0.228008 0.247992 0.409407
4 0.857015 0.228570 0.248793 0.411347
4 0.857379 0.497880 0.262378 0.950767
4 0.523681 0.223812 0.247167 0.419384
4 0.503653 0.501424 0.989557 0.972389
