4 0.469364 0.180901 0.225676 0.359294
4 0.957418 0.462764 0.085164 0.383668
4 0.236644 0.188711 0.223020 0.375034
4 0.697700 0.177089 0.227474 0.352256
4 0.567212 0.492532 0.226229 0.364518
4 0.907117 0.183598 0.185766 0.365294
4 0.060442 0.199418 0.120871 0.396652
4 0.797864 0.500727 0.230684 0.415368
4 0.337145 0.498437 0.224244 0.381590
4 0.111762 0.513836 0.220985 0.412940
4 0.445677 0.747519 0.224186 0.426562
4 0.212394 0.770396 0.223424 0.409974
4 0.048659 0.760195 0.097317 0.452254
4 0.673719 0.746165 0.227255 0.430618
4 0.893425 0.768587 0.203974 0.431306
4 0.542894 0.959331 0.186003 0.081338
4 0.893478 0.765417 0.203356 0.424768
4 0.312916 0.955149 0.172325 0.089701
4 0.048326 0.760243 0.096652 0.451225
4 0.988203 0.930658 0.023593 0.138685
