4 0.360704 0.252206 0.259486 0.450451
4 0.649226 0.255053 0.257046 0.446587
4 0.360028 0.253504 0.260683 0.451917
4 0.644373 0.744492 0.254767 0.437811
4 0.358469 0.494653 0.276397 0.943988
4 0.359995 0.494719 0.273153 0.944988
4 0.644237 0.747425 0.254539 0.429398
4 0.644634 0.746214 0.254836 0.431921
4 0.649233 0.256465 0.257226 0.443676
4 0.353196 0.749705 0.255191 0.437091
4 0.360354 0.497534 0.274412 0.955972
4 0.359639 0.496621 0.272901 0.953027
4 0.648898 0.253361 0.259849 0.448169
4 0.353507 0.749329 0.255424 0.434647
4 0.646190 0.496130 0.271914 0.944091
4 0.355741 0.736732 0.259147 0.457292
4 0.355961 0.736429 0.259766 0.458955
