4 0.318374 0.572108 0.469943 0.853966
4 0.853041 0.376049 0.293917 0.728207
4 0.065728 0.587108 0.131438 0.698747
4 0.469093 0.301805 0.297932 0.603609
4 0.856918 0.342264 0.286164 0.655632
4 0.468062 0.299320 0.304905 0.598640
4 0.066069 0.612977 0.132138 0.746762
4 0.060831 0.586316 0.121662 0.696269
4 0.857860 0.347035 0.284184 0.662198
4 0.568718 0.423909 0.499040 0.847818
4 0.676701 0.316202 0.324245 0.632404
4 0.973358 0.414024 0.053284 0.718594
4 0.556715 0.424608 0.506695 0.849046
4 0.675074 0.316788 0.321550 0.632898
4 0.972360 0.422130 0.055280 0.750696
4 0.859114 0.341382 0.281772 0.653842
4 0.128316 0.474554 0.256631 0.947567
