4 0.063962 0.820871 0.127902 0.358257
4 0.123132 0.506936 0.235290 0.363067
4 0.728171 0.177196 0.234447 0.354391
4 0.745333 0.813985 0.243997 0.362073
4 0.247838 0.819402 0.234463 0.357996
4 0.871783 0.499043 0.233139 0.357888
4 0.942632 0.820996 0.114735 0.353621
4 0.924187 0.168897 0.151626 0.337794
4 0.620664 0.510412 0.232990 0.357562
4 0.365331 0.503949 0.231615 0.358934
4 0.069943 0.172838 0.139881 0.345676
4 0.488700 0.185632 0.230833 0.359857
4 0.871170 0.499324 0.231992 0.357011
4 0.494570 0.820089 0.227029 0.347909
4 0.252963 0.177967 0.227783 0.355433
