4 0.783275 0.588643 0.284652 0.688112
4 0.084314 0.438799 0.155903 0.750865
4 0.426148 0.557652 0.291979 0.863502
4 0.084040 0.439692 0.155491 0.749813
4 0.207966 0.484556 0.247846 0.833876
4 0.426073 0.531806 0.293860 0.914814
4 0.084246 0.440685 0.154086 0.750632
4 0.579473 0.479059 0.168631 0.826909
4 0.579796 0.477822 0.168638 0.825157
4 0.208217 0.483928 0.247007 0.831791
4 0.336653 0.227871 0.110945 0.324417
4 0.208102 0.485300 0.246680 0.830644
4 0.485447 0.517159 0.952255 0.914577
4 0.580276 0.544637 0.163924 0.667839
