4 0.865302 0.514282 0.221810 0.883156
4 0.093206 0.496908 0.117070 0.728237
4 0.093795 0.496759 0.118256 0.729463
4 0.373081 0.496114 0.150635 0.725355
4 0.373500 0.496297 0.150650 0.725750
4 0.865139 0.515114 0.222431 0.885270
4 0.211736 0.520778 0.218486 0.893376
4 0.674547 0.493680 0.160905 0.722743
4 0.211389 0.520855 0.218965 0.893681
4 0.211452 0.521310 0.218795 0.894184
4 0.372838 0.491635 0.151750 0.729607
4 0.527672 0.517627 0.202062 0.871068
4 0.527200 0.518459 0.202602 0.871825
4 0.529833 0.520512 0.204458 0.869223
