4 0.519382 0.275862 0.367900 0.549638
4 0.478483 0.682462 0.293492 0.296544
4 0.284393 0.244794 0.252218 0.488881
4 0.199657 0.252902 0.114779 0.503255
4 0.600004 0.365099 0.228984 0.249822
4 0.309797 0.596323 0.137278 0.310190
4 0.309635 0.595788 0.137053 0.310195
4 0.309765 0.596114 0.137120 0.309219
4 0.609285 0.453797 0.279383 0.438638
4 0.666470 0.525862 0.165529 0.288308
4 0.478007 0.157025 0.265536 0.311738
4 0.439492 0.468565 0.390541 0.728184
4 0.535428 0.598999 0.431316 0.462306
4 0.525587 0.421182 0.432493 0.825556
4 0.550928 0.469787 0.895540 0.939575
