4 0.491805 0.378656 0.366232 0.514034
4 0.220563 0.558367 0.203796 0.414020
4 0.261006 0.688007 0.219228 0.383021
4 0.738461 0.688643 0.220023 0.375125
4 0.260890 0.688025 0.218725 0.381883
4 0.738426 0.688591 0.219879 0.375821
4 0.196370 0.400850 0.194516 0.402669
4 0.802820 0.446465 0.194419 0.515386
4 0.766459 0.497679 0.204790 0.325647
4 0.766171 0.496850 0.205373 0.325682
4 0.196639 0.397350 0.194181 0.397502
4 0.738780 0.917020 0.216527 0.165478
4 0.802372 0.344880 0.194415 0.312411
4 0.801649 0.518993 0.198143 0.659816
4 0.266353 0.912366 0.221512 0.173547
