4 0.647807 0.481485 0.109074 0.860260
4 0.902614 0.546501 0.085470 0.734538
4 0.647976 0.482273 0.107721 0.856683
4 0.779987 0.523211 0.106979 0.770105
4 0.116944 0.518627 0.092638 0.784507
4 0.779827 0.523518 0.106847 0.767910
4 0.779751 0.523069 0.107042 0.767409
4 0.512614 0.511834 0.109367 0.795011
4 0.378106 0.495415 0.112904 0.824018
4 0.902553 0.546464 0.085659 0.732443
4 0.247321 0.522021 0.100970 0.792389
4 0.377940 0.495248 0.113087 0.824100
4 0.512626 0.511980 0.108706 0.791918
4 0.117037 0.518563 0.092815 0.783160
4 0.378184 0.497067 0.113130 0.821165
