4 0.866644 0.332042 0.168636 0.221372
4 0.588437 0.455333 0.176272 0.371076
4 0.130201 0.312333 0.159620 0.184530
4 0.231170 0.551477 0.253108 0.443801
4 0.730949 0.560647 0.243374 0.448355
4 0.231208 0.551001 0.254320 0.443801
4 0.380230 0.451081 0.180082 0.370642
4 0.801237 0.409421 0.182877 0.278348
4 0.474943 0.558373 0.234497 0.448134
4 0.800872 0.410292 0.182456 0.279127
4 0.475402 0.557928 0.232523 0.447485
4 0.733448 0.559612 0.239038 0.444226
4 0.679566 0.435889 0.157659 0.429034
4 0.678324 0.285204 0.157067 0.127396
4 0.170332 0.371405 0.174054 0.218801
4 0.318355 0.307080 0.145026 0.174169
