4 0.309804 0.578821 0.222175 0.633012
4 0.712923 0.663766 0.158581 0.520690
4 0.381088 0.720190 0.100151 0.410608
4 0.309934 0.579292 0.221246 0.631597
4 0.713043 0.663877 0.158572 0.522748
4 0.659634 0.770875 0.109320 0.363428
4 0.470946 0.757694 0.090299 0.375299
4 0.540517 0.456333 0.334246 0.867783
4 0.556027 0.799550 0.075783 0.334855
4 0.529321 0.599315 0.186085 0.594791
4 0.529603 0.592945 0.186736 0.582830
4 0.541054 0.457790 0.333411 0.871409
4 0.529659 0.525712 0.187232 0.441822
4 0.529088 0.597295 0.184909 0.598618
