4 0.588310 0.655327 0.103339 0.336237
4 0.873756 0.461375 0.121819 0.215075
4 0.106216 0.731256 0.107357 0.176728
4 0.873453 0.460615 0.121595 0.212838
4 0.708107 0.659618 0.127215 0.322492
4 0.874621 0.691530 0.142912 0.280595
4 0.736438 0.498075 0.114431 0.148102
4 0.106150 0.731181 0.107831 0.176901
4 0.878185 0.592508 0.137247 0.477104
4 0.736248 0.500848 0.114709 0.153157
4 0.815785 0.639724 0.103187 0.302500
4 0.106181 0.731100 0.107608 0.177049
4 0.171140 0.603770 0.089411 0.330775
4 0.215800 0.721987 0.103975 0.197496
4 0.736225 0.503145 0.115141 0.157840
4 0.344408 0.708599 0.136657 0.230982
4 0.472246 0.652895 0.119622 0.340806
4 0.344691 0.708606 0.135891 0.230539
4 0.623748 0.600799 0.107405 0.339428
4 0.473048 0.696649 0.118892 0.253587
4 0.736006 0.601841 0.115882 0.355624
4 0.624249 0.507482 0.107233 0.152369
4 0.623800 0.508862 0.106680 0.154878
4 0.284626 0.603305 0.079989 0.327824
4 0.514759 0.612677 0.083425 0.355149
4 0.408774 0.598200 0.081238 0.325546
4 0.409299 0.516576 0.080394 0.166473
4 0.341308 0.559291 0.114883 0.161992
4 0.515167 0.512384 0.085849 0.155518
4 0.237098 0.625206 0.079152 0.281660
