4 0.647387 0.149577 0.378858 0.299154
4 0.311585 0.407393 0.571000 0.576350
4 0.886661 0.496359 0.226678 0.274678
4 0.362389 0.280719 0.482456 0.331558
4 0.309222 0.403992 0.579467 0.563164
4 0.838374 0.716412 0.183345 0.567175
4 0.685117 0.621748 0.202404 0.739136
4 0.151519 0.694972 0.303038 0.609539
4 0.889135 0.496000 0.221730 0.276219
4 0.861829 0.321430 0.276342 0.632150
4 0.850892 0.643147 0.298217 0.705450
4 0.581602 0.705653 0.309447 0.585136
4 0.661918 0.292919 0.349453 0.584328
4 0.300648 0.229975 0.338038 0.226277
4 0.649158 0.308419 0.377958 0.604954
4 0.375129 0.554626 0.743386 0.890749
4 0.116917 0.887825 0.148343 0.224350
4 0.860049 0.505039 0.279711 0.989921
