4 0.203060 0.530784 0.136179 0.688939
4 0.726151 0.525404 0.149538 0.709278
4 0.319227 0.528477 0.145977 0.711914
4 0.603570 0.528750 0.163026 0.738383
4 0.844893 0.521590 0.147070 0.655043
4 0.203008 0.530117 0.135334 0.693022
4 0.845169 0.522151 0.143676 0.663445
4 0.203211 0.531154 0.139651 0.688322
4 0.724518 0.524225 0.150931 0.697116
4 0.317452 0.530459 0.147729 0.726050
4 0.453435 0.531846 0.195349 0.773315
4 0.454260 0.530332 0.192597 0.774553
4 0.453848 0.527617 0.194239 0.779737
4 0.453666 0.529386 0.196330 0.779213
4 0.602539 0.527696 0.159863 0.729415
4 0.201844 0.528889 0.134232 0.694793
4 0.844628 0.520078 0.146207 0.670816
4 0.457400 0.257877 0.113556 0.229792
