4 0.143924 0.541791 0.258995 0.757238
4 0.144442 0.540105 0.259636 0.761125
4 0.386127 0.592538 0.208985 0.655890
4 0.144358 0.542040 0.260717 0.760690
4 0.385931 0.593109 0.208888 0.653760
4 0.586797 0.632920 0.176617 0.575679
4 0.586305 0.632349 0.175802 0.576243
4 0.918527 0.673904 0.136356 0.508445
4 0.761493 0.652131 0.160126 0.547459
4 0.761896 0.648778 0.161079 0.541054
4 0.586122 0.653436 0.175064 0.539529
4 0.761593 0.649678 0.161779 0.541898
4 0.917938 0.770079 0.136029 0.312828
4 0.918435 0.769299 0.135572 0.312832
