2 0.233112 0.719334 0.466224 0.561185
2 0.233805 0.720187 0.467609 0.559626
2 0.709015 0.856750 0.540379 0.286501
2 0.420412 0.170015 0.736374 0.340029
2 0.713321 0.856884 0.536282 0.286154
2 0.708492 0.857100 0.539873 0.285801
2 0.496118 0.542583 0.253988 0.490502
2 0.230521 0.718256 0.461042 0.559572
2 0.238820 0.425529 0.283311 0.143122
2 0.808203 0.685113 0.381511 0.356217
2 0.239152 0.425551 0.282293 0.142604
2 0.228685 0.717741 0.457370 0.553892
2 0.439336 0.170637 0.717632 0.340312
2 0.728408 0.365686 0.535662 0.498574
