2 0.797934 0.814302 0.189110 0.294178
2 0.144627 0.794125 0.219934 0.271501
2 0.127819 0.452127 0.165199 0.235685
2 0.207337 0.174323 0.345293 0.273842
2 0.841236 0.463074 0.179418 0.200133
2 0.528350 0.352786 0.251791 0.431721
2 0.485643 0.253895 0.167906 0.234131
2 0.774701 0.187915 0.252639 0.283535
2 0.497522 0.834487 0.339721 0.283480
2 0.401294 0.431537 0.163624 0.221308
2 0.484902 0.508964 0.168660 0.239075
2 0.486783 0.420774 0.438893 0.575697
2 0.570496 0.374729 0.167323 0.377483
2 0.484380 0.575806 0.438239 0.263910
