2 0.122893 0.584561 0.196071 0.220811
2 0.224047 0.437138 0.200331 0.286211
2 0.852718 0.585709 0.143701 0.147445
2 0.578419 0.574213 0.148107 0.139958
2 0.454282 0.454094 0.132231 0.129215
2 0.715085 0.575953 0.125692 0.134755
2 0.587431 0.444475 0.136316 0.139264
2 0.334389 0.513088 0.112108 0.183038
2 0.442947 0.579220 0.124069 0.130874
2 0.852133 0.439148 0.145538 0.161825
2 0.711563 0.436731 0.142326 0.149516
2 0.299119 0.620058 0.160433 0.094684
2 0.775503 0.641876 0.193975 0.077211
2 0.249908 0.543890 0.070812 0.068118
2 0.298969 0.620855 0.161064 0.096999
2 0.524887 0.663961 0.293881 0.077873
2 0.334335 0.470700 0.111429 0.096407
2 0.451745 0.473761 0.126902 0.088776
