2 0.904161 0.676140 0.106723 0.188772
2 0.904186 0.675847 0.106575 0.188701
2 0.904292 0.676014 0.106625 0.188499
2 0.643801 0.476825 0.146609 0.185697
2 0.340975 0.495679 0.297454 0.599622
2 0.341766 0.511318 0.298813 0.627458
2 0.251453 0.463398 0.448023 0.761871
2 0.622577 0.670527 0.059274 0.229237
2 0.556158 0.410383 0.204264 0.156522
2 0.566025 0.664410 0.066502 0.357997
2 0.644905 0.459250 0.145960 0.219623
2 0.692383 0.694550 0.094412 0.274380
2 0.774702 0.691224 0.086147 0.245014
2 0.441869 0.528565 0.249198 0.514819
2 0.692891 0.688225 0.095755 0.288298
2 0.444192 0.531222 0.246737 0.517744
2 0.519405 0.646761 0.161077 0.386444
