2 0.114585 0.761532 0.165354 0.236527
2 0.814509 0.172485 0.258839 0.303792
2 0.172479 0.494665 0.147815 0.357060
2 0.776562 0.514682 0.323223 0.496310
2 0.815201 0.099496 0.255699 0.157926
2 0.776258 0.513346 0.323529 0.498564
2 0.172234 0.494820 0.148018 0.357576
2 0.558558 0.358280 0.199712 0.461321
2 0.236636 0.816245 0.195343 0.308293
2 0.455570 0.829472 0.211463 0.173799
2 0.558428 0.358065 0.200359 0.460503
2 0.455768 0.828951 0.210799 0.173959
2 0.393377 0.469556 0.297697 0.390726
2 0.812557 0.236741 0.252142 0.173948
2 0.394827 0.469741 0.300638 0.391450
2 0.236704 0.820061 0.194213 0.299471
2 0.282476 0.721906 0.124646 0.227321
2 0.612679 0.770902 0.134007 0.138627
2 0.282833 0.723197 0.123623 0.226906
2 0.622617 0.651168 0.152451 0.187160
2 0.622286 0.698916 0.153904 0.283693
2 0.454862 0.682373 0.184151 0.176389
2 0.453445 0.381763 0.407625 0.509165
2 0.455013 0.709114 0.183735 0.121974
2 0.393713 0.376684 0.219736 0.207121
2 0.455506 0.521676 0.180530 0.158394
