2 0.645609 0.354498 0.417670 0.282806
2 0.476248 0.738414 0.637207 0.523171
2 0.148730 0.547034 0.296580 0.209814
2 0.588964 0.353707 0.529219 0.283053
2 0.149214 0.546904 0.297365 0.210964
2 0.380684 0.138430 0.431809 0.276606
2 0.451962 0.106341 0.243210 0.175650
2 0.450990 0.107008 0.243683 0.174539
2 0.155582 0.120473 0.309538 0.240946
2 0.153432 0.119676 0.304123 0.239191
2 0.163105 0.429492 0.326211 0.442753
2 0.423330 0.163484 0.525375 0.326442
2 0.418096 0.516226 0.834142 0.965766
2 0.157363 0.057557 0.311246 0.115114
2 0.340423 0.248969 0.680846 0.497937
2 0.261688 0.411940 0.176215 0.145974
