2 0.921191 0.259052 0.157617 0.218849
2 0.920802 0.258943 0.158395 0.218884
2 0.716865 0.163013 0.564665 0.286371
2 0.211096 0.394049 0.422192 0.320535
2 0.275462 0.675728 0.550923 0.491831
2 0.442883 0.272803 0.359929 0.189740
2 0.773557 0.637350 0.452013 0.351050
2 0.274445 0.675026 0.545068 0.485768
2 0.717057 0.163224 0.565886 0.286829
2 0.371230 0.081815 0.159134 0.091303
2 0.370689 0.108244 0.161171 0.146100
2 0.584165 0.417262 0.343026 0.201056
2 0.628792 0.840151 0.737131 0.319573
2 0.094998 0.049558 0.189647 0.099115
2 0.834914 0.405577 0.329094 0.216071
2 0.849618 0.746037 0.300763 0.118310
2 0.772427 0.543288 0.450269 0.160013
2 0.108161 0.126430 0.215492 0.252860
2 0.368067 0.148019 0.149115 0.070083
2 0.772844 0.543501 0.449105 0.161017
2 0.834430 0.405605 0.330934 0.216571
2 0.400762 0.146790 0.079738 0.064704
