2 0.714670 0.105743 0.186088 0.209625
2 0.714976 0.105172 0.186614 0.210316
2 0.715175 0.104734 0.186290 0.209467
2 0.836487 0.312729 0.120124 0.173411
2 0.777805 0.635987 0.444149 0.667834
2 0.772169 0.311481 0.252057 0.185795
2 0.500366 0.513390 0.988295 0.973219
2 0.514632 0.188524 0.301719 0.375464
2 0.515236 0.187202 0.301603 0.372456
2 0.781365 0.572641 0.178063 0.269912
2 0.605521 0.708110 0.393576 0.583780
2 0.714941 0.294504 0.139706 0.146637
2 0.715006 0.291402 0.140304 0.140924
2 0.152877 0.706303 0.291288 0.587393
2 0.152012 0.704208 0.291626 0.591585
2 0.613177 0.113574 0.138826 0.221864
2 0.850700 0.320335 0.147491 0.192684
2 0.648612 0.424111 0.164170 0.390129
