2 0.275086 0.501385 0.388783 0.755475
2 0.274525 0.500493 0.388032 0.755765
2 0.275213 0.502179 0.388190 0.755821
2 0.688310 0.492595 0.444267 0.781089
2 0.687852 0.492384 0.445218 0.778696
2 0.688702 0.251154 0.445198 0.290720
2 0.686631 0.250790 0.441387 0.292082
2 0.274367 0.262821 0.382506 0.276257
2 0.276384 0.510198 0.368813 0.227258
2 0.689067 0.251491 0.446929 0.292769
2 0.501799 0.492255 0.848829 0.773726
2 0.669569 0.506446 0.364649 0.223464
2 0.685208 0.746808 0.433666 0.270712
2 0.280533 0.744011 0.380701 0.265743
2 0.279386 0.744828 0.382701 0.264755
