2 0.209557 0.255797 0.217647 0.208704
2 0.389846 0.242591 0.221553 0.235246
2 0.742129 0.270327 0.404317 0.259617
2 0.533108 0.811250 0.564410 0.358347
2 0.839705 0.694179 0.279663 0.264463
2 0.839429 0.693946 0.279990 0.264256
2 0.822726 0.483698 0.253620 0.222842
2 0.740804 0.270592 0.402410 0.258368
2 0.294538 0.545530 0.537072 0.472267
2 0.306698 0.673680 0.334209 0.394629
2 0.306838 0.670554 0.333709 0.401738
2 0.822887 0.483177 0.253797 0.223877
2 0.667289 0.453210 0.217239 0.155093
2 0.588048 0.628989 0.233902 0.255288
2 0.587568 0.627896 0.234270 0.254424
2 0.503018 0.635903 0.955887 0.668908
