2 0.731085 0.248157 0.273911 0.175189
2 0.172706 0.399235 0.192171 0.373489
2 0.657910 0.871566 0.264364 0.216892
2 0.719274 0.437257 0.233629 0.245358
2 0.384073 0.873667 0.283198 0.216547
2 0.401235 0.244018 0.177351 0.347454
2 0.294408 0.525130 0.259725 0.295469
2 0.137127 0.754183 0.156446 0.373001
2 0.138616 0.753901 0.159471 0.372927
2 0.326791 0.722646 0.285854 0.227868
2 0.607585 0.726364 0.258627 0.214598
2 0.463427 0.477484 0.081575 0.158036
2 0.568240 0.264563 0.162600 0.238823
2 0.748844 0.720943 0.155772 0.332367
2 0.509182 0.575439 0.159150 0.121712
2 0.579094 0.282433 0.055861 0.178552
