2 0.185225 0.616677 0.312653 0.460517
2 0.708811 0.315500 0.236029 0.210046
2 0.866901 0.523406 0.247715 0.209591
2 0.866879 0.523364 0.248615 0.209252
2 0.185011 0.623013 0.312212 0.476221
2 0.703902 0.617316 0.169568 0.418188
2 0.563293 0.637143 0.130593 0.417807
2 0.458396 0.244798 0.273090 0.159224
2 0.562579 0.637566 0.132044 0.417019
2 0.438420 0.616306 0.202478 0.417196
2 0.705310 0.657309 0.166544 0.340472
2 0.436013 0.616788 0.196473 0.410360
2 0.506193 0.605635 0.973648 0.496843
2 0.185061 0.615950 0.312796 0.462696
2 0.341297 0.319202 0.305301 0.105691
2 0.441717 0.469443 0.208798 0.121791
