2 0.391164 0.821949 0.341600 0.353552
2 0.102022 0.513267 0.204043 0.456593
2 0.016002 0.861492 0.031946 0.277016
2 0.872509 0.608973 0.198606 0.345992
2 0.821535 0.598898 0.094936 0.300067
2 0.342620 0.681340 0.168546 0.124487
2 0.214162 0.327353 0.110635 0.272082
2 0.748757 0.308765 0.065750 0.186833
2 0.085007 0.160029 0.170004 0.320057
2 0.896700 0.546310 0.099412 0.223325
2 0.223001 0.761344 0.376884 0.472250
2 0.153274 0.906534 0.149670 0.186931
2 0.768288 0.866937 0.137425 0.266125
2 0.682770 0.214731 0.103302 0.426193
2 0.595366 0.189003 0.081707 0.378007
2 0.062011 0.194248 0.123422 0.220409
2 0.587347 0.623559 0.271528 0.470270
2 0.417951 0.264114 0.103907 0.528227
2 0.682077 0.664352 0.293260 0.671296
2 0.202000 0.151667 0.022912 0.103065
2 0.277188 0.297520 0.121767 0.397729
2 0.209240 0.325164 0.123624 0.274578
2 0.221478 0.527743 0.066012 0.128585
2 0.638941 0.317861 0.198513 0.635722
2 0.709567 0.765271 0.119661 0.469458
2 0.016954 0.853818 0.033869 0.292363
2 0.071252 0.498705 0.141861 0.202554
