2 0.510235 0.566344 0.969921 0.840232
2 0.384103 0.742439 0.706452 0.477122
2 0.510893 0.566719 0.970762 0.839482
2 0.804782 0.786709 0.388383 0.426581
2 0.205175 0.303742 0.410350 0.404266
2 0.805210 0.784061 0.389579 0.430643
2 0.942636 0.513213 0.114079 0.212937
2 0.592314 0.118065 0.726338 0.236129
2 0.204421 0.913969 0.408842 0.172062
2 0.053865 0.052313 0.107731 0.104627
2 0.292155 0.955358 0.242450 0.089284
2 0.494746 0.914108 0.988167 0.171784
2 0.056093 0.708785 0.112186 0.269494
2 0.053642 0.051827 0.107283 0.103644
