2 0.643568 0.644358 0.351660 0.309753
2 0.643425 0.644214 0.350890 0.308006
2 0.671928 0.660390 0.648439 0.650253
2 0.132361 0.120218 0.120135 0.119590
2 0.265424 0.674374 0.190160 0.554615
2 0.505342 0.506407 0.983930 0.964734
2 0.971322 0.564871 0.057356 0.557744
2 0.750443 0.799883 0.301744 0.242633
2 0.907433 0.239104 0.169384 0.131510
2 0.276435 0.170018 0.342130 0.272465
2 0.750508 0.800117 0.302327 0.242200
2 0.555881 0.240730 0.285887 0.340878
2 0.971448 0.552501 0.057103 0.530888
2 0.278049 0.170282 0.343045 0.270429
2 0.505297 0.248475 0.966136 0.462467
2 0.103314 0.809594 0.185897 0.211402
