2 0.768463 0.200583 0.282573 0.202471
2 0.435680 0.804762 0.389001 0.390477
2 0.739919 0.777049 0.405556 0.445902
2 0.743001 0.775819 0.401178 0.448361
2 0.961399 0.276614 0.077203 0.553228
2 0.351246 0.406740 0.256050 0.155761
2 0.382430 0.559730 0.306750 0.226404
2 0.313550 0.264254 0.199919 0.184172
2 0.311492 0.217510 0.189989 0.089704
2 0.573687 0.369949 0.265470 0.146712
2 0.639001 0.509112 0.322303 0.205639
2 0.679114 0.691755 0.271939 0.277535
2 0.316390 0.298056 0.192858 0.120828
2 0.525103 0.271999 0.228851 0.116994
2 0.491385 0.195116 0.203501 0.089218
2 0.874554 0.671805 0.132964 0.230786
