7 0.525917 0.568472 0.460029 0.362051
7 0.568364 0.277899 0.265200 0.177638
7 0.738897 0.155086 0.440491 0.303274
7 0.080755 0.385940 0.161504 0.312665
7 0.080502 0.385724 0.161004 0.310641
7 0.524395 0.421760 0.225004 0.166793
7 0.562987 0.280664 0.277101 0.184686
7 0.683867 0.460117 0.141445 0.145818
7 0.789866 0.577496 0.179880 0.162932
7 0.524079 0.420763 0.222667 0.164881
7 0.683970 0.459902 0.140800 0.144815
7 0.642190 0.591293 0.123775 0.161209
7 0.642270 0.592357 0.124624 0.164529
7 0.649508 0.961076 0.098199 0.077848
7 0.683710 0.459817 0.141186 0.144734
7 0.672928 0.722983 0.289659 0.190822
