7 0.738132 0.478924 0.182639 0.761777
7 0.887836 0.172417 0.083414 0.142101
7 0.371867 0.226589 0.139722 0.441471
7 0.748154 0.150704 0.082300 0.154240
7 0.882340 0.443776 0.159622 0.446856
7 0.494555 0.259950 0.115011 0.458256
7 0.615832 0.125000 0.080537 0.158521
7 0.494481 0.256339 0.114891 0.452198
7 0.615322 0.126955 0.080658 0.163967
7 0.368268 0.076952 0.077357 0.142931
7 0.881552 0.441533 0.161087 0.450700
7 0.615938 0.286602 0.136245 0.478059
7 0.063643 0.706792 0.120293 0.122322
7 0.614600 0.280343 0.133376 0.468441
7 0.882766 0.381884 0.160319 0.570882
7 0.367908 0.075502 0.076136 0.139646
7 0.737665 0.596020 0.180422 0.531298
7 0.496599 0.106515 0.105320 0.153747
7 0.666983 0.878305 0.106334 0.132831
7 0.748033 0.150906 0.082828 0.153295
7 0.737814 0.601200 0.180293 0.517034
7 0.187045 0.749654 0.121903 0.124327
7 0.460167 0.844849 0.120949 0.134397
