7 0.649177 0.591259 0.063712 0.227654
7 0.649334 0.590302 0.064340 0.227240
7 0.932415 0.838245 0.134343 0.088090
7 0.436012 0.425984 0.108618 0.205524
7 0.852667 0.522541 0.118794 0.111080
7 0.592316 0.809963 0.072530 0.182547
7 0.739680 0.868489 0.181068 0.263022
7 0.963028 0.584454 0.073943 0.087107
7 0.536015 0.467621 0.180284 0.106676
7 0.145898 0.155789 0.115046 0.132129
7 0.537358 0.466962 0.182118 0.106989
7 0.949930 0.406418 0.099264 0.130721
7 0.365277 0.316815 0.062120 0.111494
7 0.216339 0.450251 0.103005 0.110353
7 0.738552 0.869749 0.178932 0.260503
7 0.497744 0.318418 0.090587 0.105226
7 0.527470 0.238543 0.119902 0.144972
7 0.743449 0.516587 0.135366 0.092046
7 0.355391 0.751824 0.175298 0.480666
7 0.787516 0.249300 0.111521 0.131179
7 0.572766 0.130508 0.087065 0.123932
7 0.235103 0.896171 0.125582 0.207658
7 0.445776 0.253781 0.053693 0.155080
7 0.572419 0.574019 0.068136 0.177746
7 0.278151 0.575794 0.137302 0.211495
7 0.933084 0.881950 0.133832 0.174635
7 0.135594 0.833668 0.170374 0.131833
7 0.942156 0.914945 0.115688 0.091115
7 0.271988 0.472967 0.119073 0.163186
7 0.364429 0.222328 0.052966 0.072413
7 0.278102 0.577672 0.136533 0.218223
7 0.572995 0.574463 0.067719 0.174596
7 0.744167 0.516868 0.134911 0.092253
7 0.464179 0.036367 0.066688 0.069977
7 0.973866 0.912147 0.052269 0.068622
7 0.787813 0.249360 0.111771 0.131697
7 0.671754 0.220772 0.162194 0.159660
7 0.973484 0.911660 0.053032 0.069059
7 0.440064 0.418252 0.100357 0.190267
7 0.672388 0.221918 0.161983 0.162139
7 0.950267 0.393083 0.099465 0.156832
7 0.241487 0.094139 0.085497 0.095901
7 0.651632 0.118769 0.120041 0.067053
7 0.273017 0.472690 0.124135 0.169249
7 0.445582 0.635225 0.060181 0.105678
7 0.497392 0.320145 0.090912 0.107167
7 0.365319 0.316271 0.062317 0.111969
7 0.532667 0.557278 0.159448 0.150462
7 0.364854 0.222373 0.052419 0.072415
7 0.704384 0.239718 0.095579 0.119655
7 0.907437 0.884641 0.185019 0.177602
7 0.321267 0.204612 0.051239 0.136392
7 0.205091 0.493565 0.128179 0.192255
7 0.286949 0.321255 0.066700 0.082237
7 0.759240 0.099255 0.108759 0.098599
7 0.770762 0.218930 0.150291 0.198277
7 0.638000 0.368769 0.058538 0.077673
7 0.238647 0.097718 0.090025 0.102041
7 0.857879 0.442176 0.103918 0.095629
7 0.140137 0.404945 0.124475 0.103368
7 0.401587 0.273086 0.042659 0.138081
7 0.800981 0.689895 0.058242 0.093861
7 0.525006 0.854691 0.101255 0.235303
7 0.758826 0.098561 0.109166 0.099462
7 0.450460 0.178708 0.065467 0.063764
7 0.946897 0.557223 0.105953 0.141960
7 0.973989 0.912771 0.051933 0.071893
7 0.265793 0.720261 0.084123 0.172844
7 0.340800 0.570072 0.116443 0.208725
7 0.345977 0.533239 0.103152 0.133256
7 0.174788 0.664226 0.118271 0.208977
