7 0.925974 0.643601 0.147998 0.712509
7 0.112799 0.689695 0.223370 0.620609
7 0.333075 0.682775 0.226002 0.634451
7 0.553141 0.670718 0.218732 0.655679
7 0.332945 0.682668 0.226252 0.634663
7 0.762016 0.661029 0.212465 0.677620
7 0.552923 0.671884 0.220162 0.655887
7 0.762166 0.661454 0.212833 0.676389
7 0.112504 0.690163 0.224640 0.619673
7 0.814678 0.339117 0.144581 0.308418
7 0.635627 0.398633 0.123539 0.355739
7 0.152529 0.030423 0.078285 0.058735
7 0.862092 0.227021 0.107498 0.283936
7 0.861581 0.218383 0.106337 0.264251
7 0.972127 0.304017 0.055746 0.264614
7 0.635582 0.397478 0.122519 0.354716
7 0.011452 0.040115 0.022904 0.079374
7 0.480841 0.058858 0.079467 0.117680
7 0.434278 0.394948 0.111983 0.322103
7 0.126090 0.262788 0.098690 0.208039
