7 0.076941 0.628628 0.094167 0.551749
7 0.492124 0.547382 0.153133 0.878699
7 0.622798 0.532677 0.137786 0.853204
7 0.834997 0.601311 0.105035 0.667526
7 0.492913 0.537730 0.152709 0.889380
7 0.622956 0.535108 0.138129 0.856725
7 0.931234 0.635892 0.102806 0.577366
7 0.835458 0.601928 0.105316 0.662090
7 0.359959 0.584487 0.132094 0.751533
7 0.166023 0.598255 0.104117 0.644557
7 0.931313 0.635686 0.101971 0.576652
7 0.259516 0.600931 0.101179 0.682606
7 0.730094 0.629689 0.117505 0.630754
7 0.259085 0.600051 0.102542 0.678452
7 0.730506 0.628444 0.117879 0.630220
