7 0.538341 0.224396 0.124104 0.375248
7 0.318222 0.270755 0.060101 0.345401
7 0.376588 0.252250 0.106802 0.383099
7 0.460689 0.270313 0.060967 0.242716
7 0.672716 0.284190 0.155036 0.413769
7 0.461079 0.270903 0.060532 0.244180
7 0.640434 0.373457 0.218396 0.236331
7 0.672832 0.283004 0.152703 0.413404
7 0.661139 0.416459 0.219747 0.684971
7 0.442801 0.678250 0.660089 0.643500
7 0.646726 0.505100 0.240071 0.521649
7 0.168873 0.604285 0.097013 0.226446
7 0.443771 0.528811 0.666067 0.931883
7 0.647031 0.202980 0.099018 0.254984
7 0.653480 0.606489 0.236950 0.310183
7 0.635899 0.376553 0.221996 0.246689
7 0.443529 0.688276 0.658951 0.623448
7 0.646733 0.220422 0.099451 0.288556
7 0.318395 0.271183 0.060920 0.348783
