7 0.795673 0.507504 0.152364 0.765419
7 0.395631 0.424383 0.125037 0.759217
7 0.396146 0.426681 0.124784 0.762115
7 0.241150 0.428468 0.150308 0.767644
7 0.719226 0.288618 0.111437 0.499465
7 0.457649 0.442708 0.084620 0.656032
7 0.633811 0.476688 0.135110 0.694296
7 0.719303 0.261303 0.111388 0.447282
7 0.549606 0.412904 0.116671 0.736830
7 0.183296 0.547746 0.100585 0.502573
7 0.549729 0.413992 0.116588 0.739824
7 0.183387 0.553352 0.100910 0.499728
7 0.458701 0.439675 0.085875 0.645283
7 0.709176 0.457938 0.135013 0.841880
