7 0.436731 0.250652 0.163743 0.374590
7 0.437204 0.250914 0.163025 0.375033
7 0.475137 0.135017 0.085270 0.144651
7 0.494352 0.467260 0.070739 0.137144
7 0.545668 0.408606 0.110528 0.152429
7 0.599770 0.481579 0.045551 0.114247
7 0.599678 0.481713 0.046154 0.114928
7 0.592718 0.856544 0.099048 0.120426
7 0.764423 0.424179 0.168656 0.239415
7 0.552743 0.516305 0.078009 0.117142
7 0.552998 0.516702 0.078490 0.116802
7 0.456152 0.228887 0.083487 0.108178
7 0.570993 0.897155 0.144424 0.204122
7 0.387805 0.847150 0.086482 0.230206
7 0.794019 0.437091 0.107894 0.206463
7 0.458418 0.856699 0.114522 0.226337
7 0.571022 0.897131 0.144660 0.203688
7 0.545373 0.927657 0.094240 0.144685
7 0.493492 0.467452 0.071288 0.137630
7 0.818857 0.172087 0.257714 0.344173
7 0.664111 0.465456 0.097238 0.222570
7 0.764337 0.423055 0.168676 0.237282
