7 0.266403 0.353001 0.342288 0.706002
7 0.833264 0.353417 0.333135 0.695564
7 0.051121 0.383521 0.102239 0.686317
7 0.846149 0.971058 0.173834 0.057885
7 0.590820 0.375450 0.354095 0.750679
7 0.846203 0.971184 0.173230 0.057633
7 0.568401 0.982570 0.131374 0.034840
7 0.705168 0.977308 0.128119 0.045209
7 0.781649 0.103604 0.129075 0.113079
7 0.781748 0.103838 0.129156 0.113848
7 0.491170 0.136380 0.135419 0.241125
7 0.966698 0.966608 0.066248 0.066783
7 0.962304 0.966768 0.075392 0.066465
7 0.559502 0.589305 0.321560 0.424802
7 0.051982 0.443339 0.103861 0.553395
7 0.482221 0.293180 0.157962 0.559465
