7 0.105476 0.248785 0.106611 0.436676
7 0.238736 0.265485 0.101909 0.400436
7 0.583572 0.750547 0.168099 0.463556
7 0.488597 0.265696 0.106367 0.392934
7 0.364033 0.266504 0.103783 0.401255
7 0.120055 0.802415 0.162107 0.356619
7 0.238494 0.264031 0.101786 0.401225
7 0.898483 0.185429 0.082627 0.306523
7 0.824539 0.713607 0.277265 0.562521
7 0.824452 0.713173 0.277599 0.563756
7 0.105350 0.247641 0.105701 0.435681
7 0.271470 0.784494 0.119966 0.390776
7 0.417051 0.773498 0.157846 0.415094
7 0.271534 0.785181 0.120521 0.391460
7 0.633921 0.185468 0.084079 0.307559
7 0.811527 0.183426 0.080861 0.306857
7 0.417140 0.773530 0.158053 0.415805
7 0.898487 0.185750 0.082536 0.306650
7 0.811522 0.183469 0.080919 0.306635
7 0.724635 0.184852 0.083816 0.307458
