7 0.290035 0.673386 0.074775 0.219157
7 0.312240 0.452191 0.090288 0.241034
7 0.393658 0.653057 0.085194 0.290607
7 0.393107 0.656109 0.083154 0.282343
7 0.707886 0.696365 0.089652 0.147382
7 0.473999 0.615797 0.087198 0.113711
7 0.780672 0.444189 0.115868 0.122125
7 0.304810 0.555133 0.105796 0.454701
7 0.480809 0.680632 0.112555 0.245182
7 0.707675 0.695709 0.090267 0.147558
7 0.410562 0.531086 0.137612 0.073849
7 0.304206 0.556945 0.105423 0.453888
7 0.490564 0.738700 0.094793 0.125558
7 0.680792 0.268834 0.121772 0.102017
7 0.596011 0.275402 0.045146 0.057069
