7 0.674816 0.091892 0.175207 0.183423
7 0.706757 0.850031 0.284124 0.226007
7 0.335826 0.271857 0.164680 0.264041
7 0.141474 0.683979 0.151420 0.459162
7 0.141702 0.683705 0.151828 0.459842
7 0.228233 0.310700 0.268174 0.480948
7 0.706270 0.850356 0.284128 0.227034
7 0.336053 0.272499 0.165545 0.264584
7 0.862877 0.351947 0.273166 0.699405
7 0.294397 0.668372 0.261807 0.420978
7 0.791817 0.723051 0.135432 0.148803
7 0.497910 0.498950 0.995798 0.997901
7 0.306280 0.203354 0.258453 0.402561
7 0.536697 0.172451 0.174391 0.167751
7 0.305347 0.203406 0.255364 0.402168
7 0.768278 0.721250 0.182709 0.154888
7 0.536744 0.170880 0.173044 0.164977
7 0.761703 0.471018 0.160149 0.378430
7 0.534265 0.847156 0.272860 0.283159
7 0.768873 0.719761 0.181142 0.154020
7 0.507740 0.422795 0.182352 0.439178
7 0.656141 0.261057 0.141739 0.232625
7 0.498350 0.490897 0.161030 0.297581
7 0.811342 0.168257 0.176141 0.264244
7 0.366835 0.894374 0.331765 0.191842
