7 0.368783 0.062024 0.049352 0.070902
7 0.453643 0.224060 0.050994 0.135718
7 0.551837 0.284195 0.102836 0.112761
7 0.648319 0.070358 0.158863 0.124752
7 0.558488 0.331943 0.096299 0.116390
7 0.536265 0.518632 0.137981 0.094752
7 0.648203 0.520331 0.074605 0.067685
7 0.645999 0.578168 0.099130 0.074134
7 0.536252 0.518965 0.137471 0.093885
7 0.826563 0.491209 0.092541 0.093261
7 0.535595 0.464573 0.055668 0.061680
7 0.885446 0.430211 0.042064 0.084318
7 0.856637 0.506785 0.096612 0.119217
7 0.358467 0.128338 0.036873 0.078722
7 0.775671 0.293856 0.097457 0.123580
7 0.568439 0.056862 0.043755 0.063443
7 0.577848 0.903110 0.090183 0.114831
7 0.668300 0.423750 0.157187 0.151130
7 0.702837 0.873793 0.064678 0.111187
7 0.725791 0.758111 0.066606 0.150623
7 0.649048 0.518056 0.073342 0.072470
7 0.626321 0.832903 0.088171 0.115437
7 0.735115 0.468341 0.105206 0.160130
7 0.560589 0.398526 0.116469 0.092539
7 0.627628 0.679924 0.060939 0.086199
7 0.560219 0.398416 0.114850 0.092380
7 0.558230 0.044683 0.067052 0.088481
7 0.845611 0.354484 0.138794 0.183243
7 0.527792 0.733078 0.038735 0.071271
7 0.646705 0.794665 0.080320 0.082905
7 0.436639 0.777911 0.118325 0.104869
7 0.437971 0.776667 0.121280 0.105985
7 0.516352 0.943179 0.122533 0.103717
7 0.845869 0.354841 0.140635 0.184382
7 0.751358 0.044258 0.062340 0.088515
7 0.661477 0.348095 0.076579 0.081147
7 0.692330 0.555463 0.189331 0.131570
7 0.669721 0.423019 0.155916 0.150930
7 0.943464 0.584736 0.113071 0.349108
7 0.662529 0.338069 0.051294 0.057843
7 0.823510 0.310792 0.066834 0.077784
7 0.393161 0.282083 0.025764 0.095583
7 0.752457 0.110459 0.060170 0.087366
7 0.523382 0.854331 0.133275 0.127912
7 0.710529 0.502909 0.054415 0.090631
7 0.569041 0.756653 0.083124 0.051202
7 0.613410 0.943690 0.069799 0.105185
7 0.330238 0.608137 0.060240 0.107347
7 0.394418 0.656682 0.124333 0.067018
7 0.503194 0.670696 0.058434 0.086654
7 0.359294 0.100761 0.044689 0.134913
7 0.330265 0.609465 0.060017 0.109353
7 0.503686 0.670680 0.057852 0.087658
7 0.758337 0.610388 0.056984 0.051585
7 0.613119 0.900521 0.116228 0.193272
7 0.415764 0.969482 0.085711 0.060912
7 0.507564 0.881799 0.098463 0.071855
7 0.451513 0.588450 0.039184 0.085756
7 0.503839 0.669638 0.057858 0.089044
7 0.644863 0.674921 0.137627 0.101853
7 0.435125 0.661450 0.031567 0.052332
7 0.822284 0.311040 0.064363 0.078267
7 0.761974 0.882357 0.055472 0.092169
7 0.236095 0.505675 0.045507 0.112289
7 0.644370 0.579150 0.096170 0.073412
