7 0.099058 0.543498 0.198116 0.852644
7 0.099549 0.545038 0.199098 0.851472
7 0.275766 0.553486 0.228018 0.834370
7 0.032142 0.489690 0.064285 0.816370
7 0.271797 0.538469 0.224108 0.812036
7 0.930791 0.518620 0.138417 0.845204
7 0.031733 0.441312 0.063421 0.712029
7 0.655055 0.509198 0.171957 0.748748
7 0.470917 0.545628 0.193100 0.840996
7 0.470645 0.539299 0.195988 0.840590
7 0.090667 0.537607 0.181334 0.826657
7 0.843761 0.547143 0.172054 0.869997
7 0.677934 0.105210 0.117365 0.064036
7 0.940971 0.515599 0.118058 0.839657
7 0.848401 0.095861 0.120883 0.072036
7 0.846675 0.550814 0.179310 0.851400
7 0.658518 0.560978 0.194523 0.852309
7 0.678096 0.105204 0.116974 0.063911
7 0.508199 0.102086 0.116299 0.064013
