7 0.429885 0.614730 0.072486 0.489819
7 0.674246 0.452894 0.098259 0.540801
7 0.483716 0.343066 0.079657 0.261649
7 0.622724 0.606428 0.078772 0.373812
7 0.756729 0.582685 0.076890 0.331227
7 0.756745 0.584137 0.077488 0.333066
7 0.826605 0.601828 0.091182 0.445232
7 0.825469 0.602917 0.092125 0.449786
7 0.622129 0.609256 0.077783 0.379999
7 0.582858 0.560490 0.076619 0.567710
7 0.507933 0.592560 0.089000 0.509753
7 0.572783 0.270684 0.100416 0.164961
7 0.509584 0.591457 0.086801 0.507953
7 0.484265 0.342129 0.079860 0.258306
7 0.688413 0.750775 0.132881 0.155821
7 0.673829 0.343889 0.096802 0.323598
7 0.573191 0.311862 0.104912 0.249130
