7 0.428311 0.277713 0.142790 0.335748
7 0.852978 0.288319 0.159975 0.322943
7 0.428477 0.278018 0.143735 0.336531
7 0.572402 0.283877 0.141335 0.330152
7 0.163851 0.709733 0.202091 0.521984
7 0.525897 0.723935 0.195799 0.494620
7 0.525545 0.727977 0.194738 0.503304
7 0.315762 0.346493 0.090993 0.195415
7 0.877980 0.751652 0.171724 0.461838
7 0.343787 0.717785 0.182634 0.507070
7 0.707258 0.290882 0.136225 0.316240
7 0.343686 0.717030 0.182965 0.505954
7 0.876907 0.751204 0.172798 0.460259
7 0.161579 0.643173 0.202673 0.648066
7 0.706558 0.291034 0.138275 0.316462
7 0.709340 0.731215 0.199434 0.473822
7 0.709556 0.730362 0.206856 0.474579
7 0.220557 0.358200 0.088330 0.172643
7 0.220890 0.358664 0.087066 0.172620
7 0.132595 0.379255 0.095815 0.131406
7 0.674542 0.809166 0.477410 0.335355
