7 0.845038 0.584927 0.235918 0.762023
7 0.112178 0.506107 0.206615 0.800656
7 0.922991 0.597129 0.154018 0.665475
7 0.708287 0.559107 0.267190 0.837498
7 0.513993 0.494570 0.245210 0.827215
7 0.284537 0.518117 0.241758 0.893156
7 0.025218 0.437295 0.050436 0.563568
7 0.644208 0.275121 0.063340 0.128826
7 0.024906 0.431843 0.049812 0.555031
7 0.044109 0.504701 0.087493 0.711491
7 0.644155 0.274857 0.063876 0.127824
7 0.036526 0.531923 0.072816 0.764415
7 0.362871 0.222087 0.056593 0.092965
7 0.362639 0.221946 0.056587 0.092967
7 0.215215 0.231473 0.059404 0.090464
7 0.215845 0.232500 0.057573 0.092902
