7 0.697280 0.220699 0.106941 0.187570
7 0.674965 0.264048 0.151244 0.275440
7 0.450855 0.301019 0.269239 0.411643
7 0.553854 0.188366 0.169442 0.167593
7 0.674597 0.263616 0.152065 0.275084
7 0.258592 0.519125 0.105743 0.231336
7 0.751269 0.580026 0.123890 0.179331
7 0.801594 0.427944 0.102254 0.153609
7 0.300636 0.317398 0.123949 0.311707
7 0.770643 0.508745 0.159228 0.322739
7 0.555772 0.525528 0.187137 0.136857
7 0.300266 0.317407 0.123975 0.311685
7 0.771365 0.275225 0.098641 0.171329
7 0.697236 0.221040 0.107543 0.189022
7 0.583905 0.519653 0.131642 0.128343
7 0.717721 0.444605 0.074731 0.154434
7 0.473541 0.568086 0.103859 0.219350
7 0.787772 0.351936 0.130419 0.323128
7 0.614006 0.414242 0.130330 0.182959
7 0.751366 0.581093 0.122372 0.178406
7 0.337340 0.578391 0.121443 0.222013
7 0.717825 0.472441 0.076460 0.210157
7 0.391533 0.425960 0.142282 0.219446
7 0.611357 0.600833 0.121082 0.092639
7 0.391174 0.426156 0.141282 0.218369
7 0.337796 0.635954 0.117416 0.104827
7 0.259202 0.519573 0.106570 0.231499
7 0.476293 0.565638 0.108086 0.218560
7 0.537957 0.532992 0.224570 0.154947
7 0.543844 0.192122 0.148648 0.160357
