7 0.096713 0.640464 0.094847 0.456763
7 0.355507 0.649749 0.090258 0.426326
7 0.096735 0.640197 0.095125 0.456410
7 0.694184 0.545889 0.128743 0.704472
7 0.693973 0.547291 0.128896 0.703527
7 0.168238 0.524936 0.122481 0.679075
7 0.355151 0.650122 0.090839 0.426084
7 0.878088 0.640692 0.091394 0.453187
7 0.877921 0.639884 0.090715 0.452000
7 0.268841 0.504768 0.102898 0.644760
7 0.168029 0.525880 0.121564 0.679580
7 0.786819 0.541078 0.102436 0.669792
7 0.584028 0.631453 0.101154 0.469344
7 0.268854 0.506163 0.102026 0.646040
7 0.473464 0.507683 0.215376 0.673328
7 0.473620 0.507431 0.215069 0.673425
