7 0.808888 0.847519 0.115742 0.070832
7 0.834754 0.928309 0.132079 0.114541
7 0.657816 0.940116 0.061806 0.119643
7 0.974175 0.774054 0.051650 0.098071
7 0.659641 0.656348 0.095776 0.114460
7 0.846618 0.163090 0.063883 0.137910
7 0.789829 0.481105 0.132909 0.112866
7 0.959112 0.271523 0.081777 0.073612
7 0.823059 0.534282 0.104978 0.116245
7 0.659543 0.651155 0.095221 0.105346
7 0.808868 0.848617 0.116182 0.072890
7 0.734042 0.402094 0.068357 0.148060
7 0.827827 0.383856 0.101772 0.101672
7 0.426894 0.690050 0.042761 0.136252
7 0.577218 0.767191 0.057218 0.137882
7 0.966648 0.731499 0.062646 0.092193
7 0.696180 0.922451 0.077404 0.155021
7 0.779747 0.843991 0.057515 0.063184
7 0.366113 0.771850 0.038643 0.147859
7 0.366092 0.771719 0.038824 0.148147
7 0.631470 0.649122 0.154608 0.129868
7 0.446437 0.237483 0.066546 0.060224
7 0.548473 0.783078 0.038848 0.134096
7 0.967323 0.739406 0.064754 0.107153
7 0.695479 0.922294 0.075267 0.155412
7 0.955890 0.783744 0.087658 0.131753
7 0.803950 0.921950 0.067050 0.101070
7 0.708221 0.954339 0.051450 0.090879
7 0.737873 0.552395 0.051452 0.100169
7 0.809579 0.347068 0.099357 0.123479
7 0.412886 0.299670 0.048325 0.070925
7 0.512659 0.415576 0.058559 0.089798
7 0.640070 0.559063 0.098671 0.107774
7 0.330481 0.546395 0.090477 0.116102
7 0.902239 0.242844 0.034251 0.065983
7 0.667506 0.796058 0.045886 0.086607
7 0.787366 0.483302 0.135787 0.108994
7 0.846527 0.531514 0.149966 0.123147
7 0.693826 0.727109 0.101570 0.214599
7 0.469427 0.305826 0.094725 0.071826
7 0.392422 0.499631 0.057912 0.113009
7 0.622037 0.452332 0.046000 0.095614
