7 0.256146 0.369651 0.129752 0.327002
7 0.256016 0.369168 0.129297 0.325947
7 0.696284 0.280475 0.033250 0.074491
7 0.511741 0.381997 0.322964 0.565552
7 0.696326 0.280167 0.034265 0.074223
7 0.510715 0.794263 0.302005 0.318638
7 0.944758 0.287937 0.048221 0.079233
7 0.158357 0.278060 0.032690 0.055025
7 0.156757 0.414131 0.104656 0.219421
7 0.946502 0.287676 0.051022 0.079566
7 0.158425 0.277856 0.034056 0.053717
7 0.962501 0.286469 0.029256 0.078090
7 0.964469 0.286859 0.034427 0.078696
7 0.334638 0.274976 0.028438 0.050792
7 0.665591 0.290271 0.035894 0.054421
7 0.992053 0.295116 0.015895 0.060300
7 0.011441 0.304141 0.022784 0.025085
