7 0.411791 0.271921 0.050041 0.188740
7 0.707802 0.592644 0.081654 0.213307
7 0.685763 0.263391 0.146134 0.146579
7 0.764830 0.271309 0.081242 0.123592
7 0.519929 0.222808 0.140885 0.101047
7 0.825020 0.505520 0.090579 0.110772
7 0.519448 0.222665 0.142162 0.100871
7 0.750148 0.354634 0.192204 0.208099
7 0.828526 0.330391 0.077201 0.120338
7 0.828575 0.330802 0.077053 0.121069
7 0.764967 0.270574 0.081295 0.123318
7 0.344506 0.278261 0.092686 0.111875
7 0.825134 0.506063 0.090001 0.108108
7 0.608533 0.360847 0.191628 0.199008
7 0.368122 0.276614 0.141359 0.112401
7 0.608665 0.360975 0.188742 0.199274
7 0.741265 0.448797 0.123523 0.108961
7 0.747414 0.354253 0.193827 0.209843
7 0.519529 0.222249 0.139750 0.100287
7 0.841095 0.620678 0.189015 0.262688
7 0.550018 0.263941 0.213449 0.140810
7 0.686123 0.263291 0.144268 0.146228
7 0.429209 0.272606 0.262516 0.123411
7 0.771082 0.465704 0.205356 0.162258
7 0.841076 0.620616 0.188536 0.260710
