7 0.464128 0.479748 0.168074 0.650831
7 0.464334 0.479841 0.168051 0.651065
7 0.824606 0.572308 0.171406 0.474867
7 0.645201 0.585489 0.162908 0.461509
7 0.824809 0.571949 0.171453 0.474835
7 0.167796 0.621650 0.149897 0.395494
7 0.167576 0.621751 0.149689 0.396141
7 0.287034 0.376359 0.178133 0.523392
7 0.306540 0.655166 0.128686 0.327751
7 0.286856 0.375981 0.178511 0.522756
7 0.427687 0.667917 0.112240 0.295078
7 0.167187 0.890123 0.146446 0.147752
7 0.823376 0.876805 0.172501 0.142558
7 0.427773 0.668633 0.112360 0.295192
7 0.646190 0.874125 0.162801 0.136120
7 0.305091 0.884817 0.128773 0.135269
7 0.429357 0.877685 0.109492 0.122784
