7 0.572904 0.340839 0.054322 0.072544
7 0.261287 0.431456 0.092468 0.266307
7 0.704848 0.228380 0.225025 0.130248
7 0.640142 0.562652 0.055700 0.073947
7 0.527712 0.708645 0.119733 0.194298
7 0.619977 0.643371 0.085128 0.099084
7 0.568796 0.218807 0.049314 0.060833
7 0.775203 0.475707 0.110734 0.152670
7 0.704110 0.229001 0.223200 0.131421
7 0.620123 0.643440 0.085243 0.099513
7 0.448888 0.728640 0.045595 0.063052
7 0.498852 0.696559 0.181247 0.218800
7 0.687178 0.548207 0.091692 0.078527
7 0.606562 0.267276 0.137908 0.055353
7 0.787525 0.733066 0.053469 0.054151
7 0.783491 0.526896 0.089324 0.099229
7 0.660390 0.746611 0.164090 0.072686
7 0.367116 0.634872 0.114160 0.301242
7 0.814008 0.706900 0.106986 0.107764
7 0.706626 0.386070 0.185684 0.246814
