7 0.467047 0.757509 0.119957 0.397597
7 0.770317 0.770834 0.129942 0.364999
7 0.921765 0.791900 0.091163 0.327383
7 0.770563 0.770795 0.129220 0.365895
7 0.619341 0.763444 0.101658 0.382755
7 0.922553 0.306030 0.086052 0.204159
7 0.698683 0.282392 0.094944 0.272675
7 0.811000 0.293785 0.089164 0.244819
7 0.317825 0.761152 0.106879 0.388914
7 0.317923 0.761098 0.107015 0.389536
7 0.475153 0.274591 0.093960 0.267358
7 0.698849 0.282170 0.095333 0.272927
7 0.251522 0.267319 0.088404 0.289252
7 0.139825 0.712969 0.215150 0.484216
7 0.586115 0.269843 0.085469 0.276157
7 0.139500 0.713283 0.215062 0.480864
7 0.139411 0.227828 0.107170 0.361163
7 0.139446 0.228252 0.107733 0.362170
7 0.363769 0.275002 0.098088 0.267552
7 0.586114 0.270326 0.085536 0.276316
