7 0.535441 0.583286 0.315586 0.814445
7 0.704486 0.383671 0.157620 0.592764
7 0.295854 0.505168 0.260086 0.724703
7 0.704211 0.383576 0.157684 0.585974
7 0.158735 0.363346 0.154072 0.570332
7 0.097795 0.279581 0.129011 0.507901
7 0.581552 0.085625 0.092547 0.171178
7 0.480332 0.267707 0.165123 0.319480
7 0.371487 0.159035 0.102685 0.296846
7 0.459111 0.168758 0.126982 0.269511
7 0.370250 0.158787 0.105849 0.299256
7 0.479831 0.274724 0.164611 0.333815
7 0.554859 0.126695 0.136464 0.112290
7 0.458475 0.168471 0.126943 0.272451
7 0.490492 0.035186 0.100791 0.070372
