7 0.174124 0.595359 0.199129 0.606264
7 0.782559 0.625867 0.138025 0.626534
7 0.407368 0.732150 0.166202 0.493539
7 0.335571 0.614172 0.130393 0.597923
7 0.941595 0.565132 0.116809 0.633896
7 0.407421 0.732546 0.165169 0.493320
7 0.530216 0.583238 0.148073 0.668874
7 0.526520 0.584884 0.139526 0.664578
7 0.644269 0.741471 0.127557 0.478385
7 0.643781 0.741282 0.128257 0.477822
7 0.094474 0.397483 0.150151 0.789233
7 0.517724 0.185623 0.177854 0.366622
7 0.662616 0.591690 0.126623 0.587125
7 0.663673 0.526200 0.124260 0.455053
7 0.342054 0.288708 0.167325 0.392256
7 0.714390 0.293110 0.165722 0.333022
7 0.714480 0.294280 0.166201 0.336595
7 0.195345 0.253391 0.193245 0.501222
7 0.442880 0.428537 0.092739 0.259913
7 0.976912 0.577382 0.046176 0.733016
7 0.358414 0.111992 0.133151 0.222632
7 0.099175 0.401636 0.158265 0.795074
