7 0.326315 0.543268 0.631559 0.653783
7 0.717723 0.438465 0.431882 0.729087
7 0.110519 0.130225 0.214021 0.230691
7 0.801619 0.168437 0.274153 0.336873
7 0.324607 0.543075 0.638179 0.654654
7 0.547189 0.158898 0.235186 0.317788
7 0.366416 0.257896 0.400454 0.514475
7 0.111312 0.130674 0.213137 0.231512
7 0.032030 0.274506 0.064040 0.236739
7 0.032040 0.275903 0.064081 0.240683
7 0.352566 0.059208 0.183601 0.118416
7 0.358010 0.054555 0.170522 0.109111
7 0.892299 0.156284 0.215402 0.312569
7 0.929636 0.154738 0.140727 0.309451
7 0.305101 0.136279 0.279889 0.272418
7 0.946555 0.155259 0.106890 0.309762
