7 0.229797 0.487504 0.227512 0.960491
7 0.827952 0.463904 0.198591 0.863515
7 0.438934 0.482051 0.206092 0.920327
7 0.636703 0.481750 0.201951 0.886572
7 0.637171 0.251822 0.198313 0.429485
7 0.637151 0.251716 0.198483 0.427760
7 0.565419 0.157178 0.069716 0.151093
7 0.636305 0.682385 0.197102 0.480431
7 0.439052 0.235381 0.203861 0.423459
7 0.439014 0.234916 0.203635 0.423660
7 0.743597 0.153298 0.074580 0.114993
7 0.828872 0.242223 0.195589 0.422554
7 0.228942 0.238193 0.223293 0.458958
7 0.228541 0.237944 0.223898 0.458023
7 0.829051 0.243433 0.196397 0.422936
7 0.229391 0.702000 0.226974 0.526563
7 0.439068 0.685069 0.201974 0.509469
