7 0.298845 0.266062 0.266794 0.153132
7 0.299120 0.265491 0.266733 0.151544
7 0.682272 0.489945 0.231027 0.540362
7 0.501362 0.499925 0.996833 0.999850
7 0.751013 0.413144 0.146595 0.386806
7 0.751116 0.413126 0.146460 0.386144
7 0.682475 0.488845 0.232197 0.540067
7 0.258821 0.655737 0.196787 0.220793
7 0.563173 0.551470 0.228680 0.414783
7 0.355555 0.457431 0.287842 0.259024
7 0.401492 0.525711 0.384392 0.403648
7 0.401624 0.524269 0.384967 0.402583
7 0.327500 0.736256 0.107940 0.178815
7 0.562492 0.553394 0.230061 0.414711
7 0.355240 0.457681 0.288946 0.259366
7 0.234370 0.668081 0.147470 0.192954
7 0.533438 0.772997 0.080557 0.106393
7 0.532640 0.649748 0.117871 0.152817
7 0.532995 0.650610 0.116846 0.150519
7 0.329440 0.419541 0.110566 0.165707
7 0.799264 0.778231 0.174427 0.185839
7 0.591025 0.769645 0.196604 0.113583
