7 0.548279 0.658012 0.414101 0.683975
7 0.263543 0.637234 0.323088 0.715966
7 0.263067 0.639849 0.325156 0.717348
7 0.768193 0.633919 0.289594 0.720794
7 0.037881 0.547481 0.075762 0.680037
7 0.113850 0.614635 0.226502 0.759032
7 0.974374 0.368813 0.051252 0.289563
7 0.112954 0.613822 0.225909 0.762898
7 0.488654 0.425442 0.181085 0.384780
7 0.490560 0.420119 0.177992 0.374639
7 0.673692 0.353942 0.118398 0.301756
7 0.673629 0.354567 0.119012 0.303392
7 0.974594 0.366761 0.050813 0.285865
7 0.895076 0.505478 0.188242 0.535935
7 0.363581 0.413719 0.150029 0.408670
7 0.362021 0.414307 0.148071 0.409876
7 0.037963 0.583851 0.075926 0.749510
