7 0.086396 0.612823 0.098040 0.547905
7 0.242837 0.497273 0.150642 0.776146
7 0.542646 0.810445 0.051496 0.285194
7 0.242885 0.497588 0.151204 0.777659
7 0.926556 0.741100 0.071621 0.376531
7 0.408832 0.571020 0.122106 0.621992
7 0.924664 0.275373 0.065813 0.338519
7 0.827479 0.252907 0.077295 0.378903
7 0.924763 0.274646 0.065996 0.337008
7 0.822461 0.731402 0.071226 0.395730
7 0.828174 0.253463 0.076490 0.379460
7 0.822512 0.732919 0.071991 0.395588
7 0.622216 0.751001 0.077126 0.394302
7 0.577729 0.243068 0.078391 0.397827
7 0.622098 0.750773 0.077372 0.394319
7 0.578096 0.242527 0.078044 0.400135
7 0.671964 0.266186 0.063198 0.358446
7 0.671799 0.266587 0.063896 0.359756
7 0.408653 0.572453 0.122734 0.621677
7 0.704954 0.785129 0.063531 0.317838
7 0.543056 0.808900 0.051539 0.281909
7 0.705183 0.785874 0.063954 0.317319
7 0.926516 0.741720 0.071839 0.375286
