7 0.025663 0.602840 0.051304 0.614061
7 0.237145 0.619746 0.111261 0.602983
7 0.824997 0.591299 0.107981 0.672425
7 0.117365 0.579689 0.108135 0.667194
7 0.588388 0.590434 0.109152 0.598031
7 0.943735 0.584772 0.111786 0.695653
7 0.463041 0.570084 0.112368 0.649613
7 0.701253 0.625532 0.118189 0.594992
7 0.348015 0.566514 0.113291 0.655635
7 0.588464 0.590616 0.108882 0.598099
7 0.943662 0.589192 0.111370 0.701181
7 0.347331 0.567947 0.112655 0.655602
7 0.702422 0.626943 0.116471 0.598541
7 0.825179 0.591523 0.108184 0.672114
