7 0.550418 0.258854 0.189829 0.078031
7 0.823663 0.171671 0.284839 0.220780
7 0.386256 0.495201 0.176506 0.131449
7 0.722533 0.328222 0.171061 0.100600
7 0.770642 0.641621 0.185845 0.106940
7 0.556230 0.258783 0.178112 0.077316
7 0.914241 0.662767 0.107625 0.081216
7 0.498610 0.683198 0.151257 0.141025
7 0.698893 0.725083 0.323041 0.161640
7 0.548313 0.082068 0.066109 0.147659
7 0.499232 0.683489 0.151021 0.144180
7 0.783403 0.568709 0.176543 0.116180
7 0.503045 0.403178 0.140783 0.196680
7 0.728731 0.332465 0.158799 0.089382
7 0.236932 0.076035 0.121745 0.126329
7 0.228064 0.175986 0.106654 0.111165
7 0.827433 0.181223 0.267134 0.201693
7 0.210028 0.203808 0.145405 0.165800
7 0.386817 0.497074 0.179039 0.129405
7 0.100245 0.103505 0.092573 0.128629
7 0.462992 0.885652 0.114423 0.212154
7 0.684662 0.599275 0.431354 0.194484
7 0.228744 0.176074 0.106649 0.110802
7 0.547944 0.083503 0.065868 0.149724
7 0.237056 0.075804 0.121312 0.126939
7 0.771109 0.641342 0.187214 0.103311
7 0.414611 0.678060 0.141692 0.134840
7 0.341311 0.264450 0.066302 0.081198
7 0.284883 0.569362 0.097307 0.065725
7 0.486842 0.072978 0.098526 0.144765
7 0.902657 0.363169 0.193394 0.155622
7 0.414549 0.677198 0.138819 0.138194
7 0.226603 0.365835 0.137574 0.134129
7 0.525291 0.623367 0.127776 0.086211
7 0.782399 0.568525 0.176307 0.116135
7 0.584266 0.585028 0.233907 0.171715
7 0.636671 0.445425 0.085193 0.201684
7 0.637756 0.447237 0.085449 0.204467
7 0.241203 0.524853 0.114047 0.055670
7 0.584735 0.585142 0.233626 0.170693
7 0.192116 0.614371 0.137120 0.055670
7 0.285137 0.568711 0.097545 0.066322
7 0.136088 0.811416 0.106839 0.119090
7 0.906206 0.352997 0.060284 0.109035
7 0.349024 0.708423 0.195547 0.177441
