7 0.120357 0.469244 0.104568 0.498210
7 0.120053 0.468789 0.104921 0.497021
7 0.704119 0.622059 0.088026 0.367212
7 0.332740 0.321589 0.099442 0.248118
7 0.332165 0.321391 0.099488 0.247096
7 0.701304 0.901206 0.086562 0.197589
7 0.268096 0.682147 0.070749 0.247436
7 0.407461 0.614201 0.079829 0.361619
7 0.437833 0.362697 0.110208 0.272433
7 0.268200 0.682296 0.070837 0.249090
7 0.407875 0.613730 0.080378 0.362391
7 0.704080 0.621706 0.089224 0.370241
7 0.782530 0.894561 0.061664 0.210878
7 0.221298 0.339468 0.099310 0.274216
7 0.783801 0.579362 0.085612 0.426502
7 0.871039 0.888421 0.128175 0.223159
7 0.187498 0.604884 0.074571 0.395232
7 0.221435 0.315513 0.099738 0.227085
7 0.265769 0.901769 0.075134 0.196463
7 0.701313 0.901994 0.086202 0.196011
7 0.487475 0.654017 0.071479 0.313034
7 0.437436 0.367694 0.109743 0.281874
7 0.487799 0.653946 0.071449 0.312810
7 0.625354 0.604574 0.077773 0.362529
7 0.123558 0.599577 0.081900 0.358307
7 0.857317 0.625003 0.089980 0.365784
7 0.304314 0.567644 0.158032 0.438187
7 0.625644 0.603719 0.077261 0.363510
7 0.783763 0.581186 0.085508 0.426431
7 0.556118 0.626272 0.076885 0.364513
7 0.121925 0.599556 0.075222 0.360168
7 0.899168 0.574226 0.070993 0.393021
7 0.304343 0.568598 0.158606 0.437526
7 0.622774 0.889921 0.080324 0.220159
7 0.330274 0.896137 0.085940 0.207726
7 0.193832 0.895863 0.067106 0.208274
7 0.555928 0.626169 0.076998 0.361504
7 0.409134 0.894128 0.087520 0.211744
7 0.187772 0.604714 0.074832 0.394161
7 0.914684 0.529288 0.056268 0.349009
7 0.121716 0.344964 0.100598 0.248552
