7 0.743049 0.402471 0.360220 0.779862
7 0.372100 0.403597 0.334895 0.763638
7 0.110561 0.402826 0.221052 0.754856
7 0.509238 0.301260 0.156178 0.487684
7 0.140952 0.222197 0.185477 0.341517
7 0.965778 0.287503 0.068445 0.350764
7 0.944953 0.216365 0.109662 0.340746
7 0.950225 0.429068 0.099549 0.724988
7 0.212519 0.130825 0.106890 0.132514
7 0.638004 0.138399 0.107339 0.167543
7 0.213738 0.227669 0.108411 0.326263
7 0.212632 0.130760 0.106500 0.132392
7 0.914674 0.218420 0.143301 0.330315
7 0.952921 0.397739 0.094159 0.554478
7 0.886543 0.028306 0.131438 0.056604
7 0.159670 0.658741 0.314975 0.245552
7 0.376073 0.627808 0.323364 0.311101
7 0.926975 0.120386 0.102409 0.142138
7 0.374570 0.627404 0.329785 0.311314
7 0.985964 0.068617 0.028073 0.061601
