7 0.112933 0.625532 0.195694 0.740484
7 0.886974 0.373933 0.186829 0.742889
7 0.682830 0.627288 0.205086 0.739135
7 0.301529 0.626808 0.198680 0.738641
7 0.791659 0.495543 0.183187 0.740576
7 0.490185 0.627510 0.195076 0.738563
7 0.312606 0.126062 0.170838 0.246359
7 0.312846 0.125792 0.170414 0.245862
7 0.498156 0.122445 0.173316 0.243383
7 0.688809 0.127232 0.172797 0.247083
7 0.688713 0.127022 0.173570 0.247703
7 0.210692 0.252167 0.169642 0.252480
7 0.210796 0.252848 0.169589 0.253528
7 0.497754 0.122408 0.173263 0.243242
7 0.588604 0.254093 0.163947 0.253078
7 0.401854 0.256638 0.165257 0.256956
