0 0.339539 0.169844 0.079122 0.101227
0 0.319742 0.055479 0.082230 0.106857
0 0.258788 0.383547 0.059182 0.077462
0 0.228369 0.473300 0.083112 0.116318
0 0.343449 0.555315 0.085410 0.116780
0 0.928996 0.136879 0.119426 0.269804
0 0.519414 0.156829 0.081116 0.114415
0 0.343947 0.322973 0.084946 0.113349
0 0.188000 0.823965 0.288781 0.324965
0 0.441740 0.090936 0.156997 0.176570
0 0.836707 0.580930 0.218648 0.389682
0 0.095956 0.559584 0.186146 0.416974
0 0.441400 0.090475 0.157221 0.176508
0 0.591000 0.496184 0.152884 0.337459
0 0.476820 0.254002 0.081011 0.113642
