0 0.745455 0.251451 0.233442 0.355474
0 0.885565 0.554341 0.172861 0.277239
0 0.744204 0.703939 0.274056 0.371360
0 0.373911 0.677448 0.181071 0.120718
0 0.133681 0.632689 0.156843 0.260204
0 0.163752 0.811180 0.215129 0.172417
0 0.460833 0.287912 0.140261 0.327097
0 0.210952 0.360697 0.174462 0.176290
0 0.373737 0.678993 0.180261 0.117001
0 0.210287 0.361704 0.176048 0.177273
0 0.374681 0.675836 0.178428 0.120495
0 0.089857 0.578994 0.039794 0.051480
0 0.143284 0.540868 0.042327 0.059989
0 0.405810 0.647858 0.108639 0.060692
0 0.464177 0.194207 0.045691 0.051194
