0 0.891140 0.793049 0.118510 0.343776
0 0.953006 0.787555 0.084601 0.290234
0 0.145616 0.308571 0.195732 0.212931
0 0.891313 0.791781 0.118241 0.346083
0 0.448291 0.733921 0.107461 0.117124
0 0.779657 0.299153 0.135909 0.118069
0 0.675537 0.630977 0.202314 0.276431
0 0.779301 0.299805 0.136148 0.121134
0 0.900529 0.147178 0.080747 0.246273
0 0.900257 0.147878 0.081001 0.246393
0 0.561958 0.828523 0.076933 0.303303
0 0.147312 0.312362 0.194941 0.212290
0 0.850810 0.138764 0.092595 0.264719
0 0.740724 0.194358 0.207175 0.181492
0 0.147010 0.311611 0.193786 0.211675
0 0.765244 0.786973 0.203213 0.273250
0 0.860281 0.600318 0.182594 0.183851
0 0.241910 0.112267 0.184166 0.140487
0 0.900882 0.475451 0.197896 0.090119
0 0.771500 0.710911 0.363808 0.410169
0 0.845582 0.133845 0.101369 0.264977
0 0.897203 0.462335 0.205500 0.128942
0 0.264100 0.196532 0.136565 0.107006
0 0.587176 0.283302 0.108281 0.256950
0 0.739187 0.197659 0.203467 0.184177
0 0.579578 0.466734 0.220839 0.217826
0 0.241778 0.111102 0.182980 0.137854
0 0.263409 0.196551 0.138636 0.108424
0 0.764761 0.789253 0.202639 0.272873
0 0.183716 0.154422 0.360324 0.254472
