0 0.192745 0.292373 0.035767 0.162689
0 0.609031 0.330273 0.155470 0.296268
0 0.576870 0.870011 0.141323 0.151592
0 0.835585 0.513712 0.103887 0.262595
0 0.835582 0.513448 0.103777 0.261520
0 0.280988 0.652886 0.092904 0.218664
0 0.755304 0.481727 0.062013 0.178179
0 0.655255 0.524859 0.067699 0.136919
0 0.161805 0.654175 0.150217 0.093959
0 0.161228 0.653454 0.149504 0.093005
0 0.577248 0.548803 0.126823 0.158386
0 0.543073 0.831607 0.142114 0.158492
0 0.675976 0.755013 0.142602 0.082242
0 0.577260 0.547503 0.127031 0.152817
0 0.577109 0.871998 0.141859 0.149377
0 0.412489 0.845469 0.099298 0.237878
0 0.625992 0.662741 0.177952 0.166500
0 0.543068 0.831666 0.141449 0.158337
0 0.333096 0.789717 0.116364 0.198597
0 0.581292 0.216889 0.050479 0.068901
0 0.627074 0.661563 0.175948 0.166987
0 0.762603 0.329207 0.108066 0.100881
0 0.840763 0.601692 0.077930 0.078368
0 0.394395 0.353285 0.136198 0.141634
0 0.331326 0.786952 0.113675 0.199249
0 0.281062 0.652316 0.093938 0.216120
0 0.412799 0.846123 0.100328 0.235779
0 0.754937 0.640848 0.062023 0.184368
0 0.163607 0.510946 0.100774 0.119546
0 0.333757 0.788597 0.117241 0.199047
0 0.458248 0.468291 0.058616 0.212841
0 0.412211 0.846328 0.100679 0.235673
0 0.405424 0.249738 0.130481 0.179666
0 0.553818 0.243376 0.044159 0.064271
0 0.159571 0.630765 0.142075 0.046037
