0 0.656237 0.306542 0.149894 0.264867
0 0.555100 0.131177 0.141988 0.129797
0 0.349559 0.501479 0.053609 0.276135
0 0.502541 0.358280 0.088832 0.259870
0 0.700640 0.865254 0.050202 0.264695
0 0.692584 0.576806 0.125815 0.250436
0 0.771889 0.428070 0.140258 0.275949
0 0.502605 0.358102 0.089028 0.259699
0 0.594166 0.341497 0.099175 0.217654
0 0.236703 0.472943 0.143604 0.138035
0 0.407534 0.515795 0.062982 0.259319
0 0.700299 0.865721 0.050326 0.263169
0 0.692654 0.574909 0.124509 0.248982
0 0.520269 0.660296 0.095144 0.264968
0 0.408163 0.514815 0.062972 0.258824
0 0.348004 0.501639 0.056690 0.279909
0 0.583152 0.542571 0.056308 0.260752
0 0.236584 0.472589 0.143158 0.137588
0 0.600463 0.866189 0.123138 0.256668
0 0.600082 0.866765 0.123423 0.257448
0 0.594439 0.341199 0.098094 0.221813
0 0.583052 0.542759 0.056184 0.261343
0 0.833361 0.454349 0.079421 0.239159
0 0.690096 0.228539 0.091085 0.216840
0 0.520593 0.660677 0.093947 0.264778
0 0.433497 0.863141 0.122398 0.257980
0 0.776582 0.700550 0.055268 0.272475
0 0.433480 0.863437 0.121400 0.258274
0 0.660853 0.601538 0.097603 0.208435
0 0.812589 0.250725 0.173535 0.168377
0 0.837589 0.772091 0.117329 0.272643
0 0.354811 0.199917 0.199865 0.335676
