0 0.850907 0.288110 0.265627 0.531780
0 0.557130 0.669019 0.117863 0.094837
0 0.520140 0.901362 0.093875 0.084858
0 0.196243 0.452653 0.125646 0.138938
0 0.851475 0.291633 0.264903 0.533990
0 0.162066 0.578506 0.245451 0.441084
0 0.456335 0.473151 0.329111 0.438611
0 0.456160 0.471768 0.328571 0.442320
0 0.418438 0.354932 0.165786 0.302986
0 0.418034 0.354826 0.166512 0.303218
0 0.700836 0.641514 0.255816 0.426803
0 0.700478 0.648099 0.254309 0.412765
0 0.260297 0.360466 0.256244 0.322103
0 0.699630 0.661541 0.252794 0.384875
