0 0.451484 0.236531 0.243057 0.193077
0 0.476460 0.939937 0.068790 0.120125
0 0.442623 0.083694 0.153749 0.167388
0 0.500883 0.510196 0.072905 0.384786
0 0.458767 0.812761 0.197985 0.267118
0 0.277166 0.668097 0.247874 0.288660
0 0.431101 0.549723 0.080828 0.181937
0 0.629602 0.311820 0.205874 0.311984
0 0.364792 0.807221 0.229804 0.306490
0 0.458113 0.815186 0.201415 0.273043
0 0.724375 0.499946 0.263028 0.258930
0 0.596999 0.728086 0.102141 0.489888
0 0.228326 0.367004 0.183897 0.344623
0 0.369998 0.970647 0.133239 0.057856
