0 0.555374 0.663021 0.084305 0.118805
0 0.667832 0.465768 0.203753 0.410380
0 0.160548 0.378391 0.069517 0.091449
0 0.313558 0.595042 0.090648 0.071578
0 0.785505 0.306966 0.157436 0.330514
0 0.500270 0.405132 0.086392 0.361590
0 0.214342 0.384295 0.176387 0.412775
0 0.424769 0.364680 0.127978 0.418314
0 0.263719 0.725499 0.144139 0.180429
0 0.424949 0.364987 0.127647 0.417815
0 0.264373 0.726375 0.144671 0.181629
0 0.326973 0.422784 0.117750 0.418828
0 0.838451 0.402543 0.060773 0.090744
0 0.763649 0.428760 0.085476 0.070926
0 0.719558 0.606846 0.100706 0.125148
0 0.656226 0.670972 0.054439 0.080497
0 0.327458 0.425086 0.119288 0.411624
