0 0.178375 0.273749 0.160995 0.260430
0 0.378547 0.414556 0.138057 0.264792
0 0.816762 0.703105 0.093194 0.307619
0 0.221807 0.420148 0.167561 0.309867
0 0.253114 0.595498 0.125142 0.337901
0 0.736449 0.379280 0.139330 0.266105
0 0.387875 0.228169 0.241991 0.097696
0 0.521459 0.656207 0.227659 0.129304
0 0.679336 0.658793 0.092099 0.304389
0 0.308411 0.753402 0.128713 0.353901
0 0.679517 0.659125 0.091974 0.302891
0 0.387688 0.228368 0.242396 0.098307
0 0.387854 0.228386 0.243067 0.097372
0 0.535457 0.295963 0.059408 0.274125
0 0.521456 0.656451 0.227859 0.129266
0 0.536054 0.297315 0.060586 0.276701
0 0.542439 0.523410 0.181773 0.065505
0 0.635478 0.335901 0.056689 0.280135
0 0.588458 0.295625 0.054222 0.276842
