0 0.528069 0.272597 0.077897 0.102074
0 0.799517 0.403292 0.075309 0.097068
0 0.301407 0.596725 0.081695 0.112329
0 0.422536 0.176096 0.065677 0.092661
0 0.880288 0.685816 0.084739 0.117757
0 0.743265 0.607868 0.078762 0.103250
0 0.673554 0.797064 0.085259 0.114300
0 0.708696 0.697680 0.081988 0.109826
0 0.077664 0.821181 0.132159 0.357639
0 0.066605 0.783871 0.045413 0.075744
0 0.263016 0.799873 0.087389 0.124315
0 0.269598 0.687063 0.087657 0.118784
0 0.406877 0.561312 0.084809 0.128820
0 0.753659 0.505102 0.082280 0.116189
0 0.216308 0.598773 0.082638 0.106535
0 0.570067 0.342425 0.077727 0.092137
0 0.694813 0.426481 0.082332 0.115039
0 0.339075 0.509539 0.080234 0.109995
0 0.834430 0.492567 0.082455 0.107325
0 0.478689 0.370106 0.044462 0.074004
0 0.804165 0.742124 0.052379 0.073747
0 0.206235 0.412846 0.185381 0.268432
0 0.312567 0.324728 0.073845 0.092632
0 0.624513 0.694980 0.071632 0.088401
0 0.773863 0.841865 0.045462 0.077944
0 0.536159 0.439552 0.080270 0.109445
0 0.825167 0.606049 0.082471 0.126594
0 0.687521 0.261243 0.080310 0.102180
0 0.834869 0.314760 0.044743 0.072762
0 0.566357 0.525357 0.064362 0.081579
0 0.178715 0.697739 0.086417 0.118988
0 0.610200 0.272698 0.071112 0.091422
0 0.824377 0.592527 0.064447 0.077226
0 0.880793 0.413588 0.081776 0.104151
0 0.355929 0.752626 0.044994 0.075978
0 0.625695 0.730865 0.082119 0.163922
0 0.891870 0.802331 0.089041 0.125495
0 0.504779 0.183241 0.070015 0.091438
0 0.362176 0.276995 0.073068 0.136214
0 0.780909 0.949442 0.091181 0.101116
0 0.087404 0.679895 0.052752 0.071153
0 0.472273 0.637867 0.084803 0.138551
0 0.880261 0.869095 0.114103 0.261809
0 0.693390 0.904936 0.056580 0.081835
0 0.906649 0.338862 0.076817 0.089381
0 0.202743 0.373768 0.151198 0.180570
0 0.648898 0.599007 0.053051 0.071423
0 0.732576 0.343801 0.081156 0.103429
0 0.556228 0.763454 0.088198 0.129448
0 0.881279 0.869566 0.112614 0.260868
0 0.786993 0.807229 0.133073 0.225295
0 0.533148 0.872822 0.088421 0.134012
0 0.926484 0.507626 0.080080 0.107606
0 0.724848 0.195103 0.068296 0.094771
0 0.441388 0.844639 0.047309 0.078495
0 0.410028 0.345633 0.052081 0.075966
0 0.134475 0.591865 0.084892 0.132107
0 0.451702 0.376642 0.142615 0.140333
0 0.577982 0.201018 0.077969 0.102741
0 0.452505 0.965770 0.063075 0.068279
0 0.181239 0.933037 0.093525 0.133620
0 0.651143 0.175301 0.074147 0.099249
0 0.377775 0.651797 0.051534 0.069719
0 0.181258 0.932900 0.093502 0.133922
0 0.401662 0.476269 0.050058 0.055145
0 0.340628 0.866373 0.088401 0.143185
0 0.927455 0.592623 0.084412 0.102810
0 0.075815 0.513073 0.078862 0.096037
0 0.606143 0.851166 0.060729 0.063462
0 0.695557 0.923677 0.092655 0.151022
0 0.786103 0.802108 0.128853 0.206594
0 0.394035 0.953684 0.066474 0.092547
0 0.367197 0.718090 0.124241 0.207646
0 0.460202 0.485610 0.059195 0.075690
0 0.664181 0.516198 0.045868 0.066894
0 0.486302 0.539561 0.075950 0.108200
0 0.174116 0.820433 0.089355 0.150138
