6 0.840657 0.409058 0.318112 0.379586
6 0.762843 0.733539 0.427976 0.532922
6 0.840039 0.409615 0.319583 0.377441
6 0.428734 0.092143 0.214234 0.183961
6 0.632403 0.103927 0.210618 0.204373
6 0.212812 0.108765 0.243005 0.217529
6 0.285342 0.707478 0.238133 0.513586
6 0.201205 0.767273 0.397240 0.464100
6 0.110174 0.390945 0.169458 0.237496
6 0.507188 0.497916 0.979866 0.992403
6 0.341116 0.315836 0.059799 0.259130
6 0.394295 0.307084 0.054385 0.261928
6 0.466795 0.627060 0.133523 0.358439
6 0.720598 0.321107 0.140529 0.240301
6 0.454835 0.301581 0.077261 0.252077
6 0.737827 0.722728 0.118484 0.152443
