1 0.770108 0.140734 0.175046 0.281467
1 0.290326 0.877985 0.195691 0.244030
1 0.602208 0.966277 0.117627 0.067445
1 0.731254 0.861651 0.202690 0.276699
1 0.106464 0.278961 0.174430 0.327749
1 0.941883 0.788800 0.116235 0.354084
1 0.530540 0.485129 0.185447 0.359337
1 0.289834 0.877850 0.196093 0.244300
1 0.167592 0.115274 0.171032 0.229760
1 0.200844 0.431448 0.185282 0.417873
1 0.714898 0.516834 0.168665 0.341887
1 0.685195 0.254863 0.176482 0.344648
1 0.447919 0.765177 0.194260 0.312739
1 0.291518 0.635206 0.175683 0.312514
1 0.305206 0.224356 0.191447 0.242299
1 0.631624 0.729577 0.165904 0.330790
1 0.305834 0.223385 0.192640 0.239277
1 0.447465 0.763510 0.194192 0.310577
1 0.481606 0.939361 0.129708 0.121277
1 0.947094 0.330563 0.105812 0.284845
1 0.371682 0.455807 0.157697 0.341071
1 0.565804 0.165956 0.106307 0.206617
1 0.441367 0.134705 0.155091 0.269410
1 0.305126 0.219083 0.187834 0.228724
