1 0.437468 0.101217 0.162899 0.201930
1 0.075382 0.131050 0.150523 0.204875
1 0.060107 0.845451 0.120213 0.248783
1 0.918539 0.107602 0.160408 0.209907
1 0.900366 0.479261 0.174294 0.225816
1 0.717985 0.404884 0.176064 0.222276
1 0.050955 0.630829 0.101910 0.189340
1 0.405174 0.429072 0.155554 0.202173
1 0.041273 0.451035 0.082545 0.193767
1 0.355262 0.627427 0.160281 0.202205
1 0.596869 0.097399 0.149328 0.187803
1 0.772201 0.590866 0.188882 0.220815
1 0.203311 0.858561 0.163461 0.220452
1 0.371024 0.014678 0.082480 0.029357
1 0.010215 0.289304 0.020348 0.129626
1 0.799758 0.937476 0.153663 0.125049
1 0.371865 0.257262 0.133049 0.164976
1 0.636696 0.561691 0.103247 0.135252
1 0.490377 0.936939 0.143452 0.126123
1 0.484055 0.608047 0.158813 0.232103
1 0.009939 0.289808 0.019763 0.128620
1 0.740067 0.791790 0.179803 0.203659
1 0.336206 0.761161 0.157848 0.160214
1 0.989784 0.788074 0.020432 0.160867
1 0.950471 0.283321 0.099059 0.194796
1 0.258380 0.393510 0.145680 0.186065
1 0.293930 0.127479 0.119213 0.166864
1 0.404959 0.429026 0.156169 0.203594
1 0.910141 0.857551 0.156288 0.191015
1 0.111573 0.956480 0.164459 0.087039
1 0.639931 0.926185 0.162432 0.147629
1 0.516650 0.263130 0.157663 0.199702
1 0.976451 0.601049 0.047098 0.146582
1 0.608896 0.829223 0.089380 0.102493
1 0.686649 0.225419 0.131766 0.162960
1 0.172628 0.677841 0.151988 0.183374
