1 0.117469 0.503379 0.234938 0.468774
1 0.117359 0.503655 0.234717 0.468955
1 0.762534 0.443264 0.349738 0.568790
1 0.178773 0.817226 0.281810 0.359944
1 0.290999 0.383035 0.223602 0.232797
1 0.379560 0.573217 0.294859 0.378617
1 0.291519 0.382455 0.223253 0.232292
1 0.913936 0.364474 0.172129 0.430075
1 0.873777 0.110559 0.218573 0.148142
1 0.491565 0.845878 0.397756 0.308243
1 0.873386 0.110537 0.218622 0.146758
1 0.913180 0.364242 0.173446 0.431291
1 0.499729 0.502397 0.999458 0.995206
1 0.491802 0.846001 0.398344 0.307997
1 0.036394 0.851597 0.072789 0.258559
1 0.758278 0.039179 0.186344 0.076919
