1 0.826454 0.319026 0.211824 0.345921
1 0.738698 0.513935 0.153965 0.180559
1 0.294087 0.326842 0.201745 0.299745
1 0.500006 0.103766 0.251231 0.205250
1 0.642987 0.285622 0.159971 0.308236
1 0.530192 0.505279 0.845572 0.989442
1 0.759959 0.794878 0.194848 0.369781
1 0.265469 0.812893 0.214184 0.352049
1 0.642912 0.286207 0.160148 0.308596
1 0.265411 0.812949 0.214071 0.351589
1 0.265560 0.812462 0.213595 0.351425
1 0.759960 0.795595 0.195005 0.373411
1 0.265464 0.813092 0.213448 0.351846
1 0.508103 0.381252 0.210671 0.342879
1 0.612100 0.870368 0.182829 0.259264
1 0.508571 0.381756 0.210093 0.342530
1 0.611906 0.870381 0.182792 0.259237
1 0.508454 0.381022 0.211715 0.344149
1 0.435676 0.885796 0.158511 0.228409
1 0.494907 0.709608 0.209587 0.309779
1 0.494407 0.710037 0.209369 0.309405
1 0.612364 0.869914 0.181681 0.260171
