1 0.537473 0.117466 0.349534 0.234932
1 0.538896 0.117186 0.348927 0.234372
1 0.121221 0.100017 0.124666 0.106985
1 0.244675 0.486546 0.361723 0.498805
1 0.624874 0.407085 0.328505 0.418118
1 0.380320 0.054281 0.100854 0.108561
1 0.326313 0.938511 0.274604 0.122979
1 0.412646 0.499490 0.824783 0.998554
1 0.055481 0.186319 0.099959 0.121212
1 0.295609 0.113675 0.143441 0.215389
1 0.554479 0.793513 0.270313 0.387511
1 0.441281 0.230735 0.158118 0.208407
1 0.828816 0.728156 0.289577 0.309650
1 0.889484 0.379030 0.220748 0.396825
1 0.420144 0.560797 0.198720 0.263270
1 0.294001 0.750822 0.246963 0.328657
1 0.829090 0.728177 0.288125 0.308110
1 0.078830 0.501090 0.157661 0.989962
1 0.078454 0.624198 0.156907 0.747693
1 0.770294 0.180823 0.214699 0.230624
1 0.198890 0.208281 0.096944 0.155247
1 0.126112 0.286609 0.131714 0.176519
