1 0.237610 0.172603 0.364618 0.223161
1 0.838705 0.762758 0.216639 0.209821
1 0.597706 0.465566 0.167381 0.220949
1 0.162067 0.580050 0.147847 0.168779
1 0.862913 0.205835 0.164700 0.153830
1 0.595052 0.160692 0.189057 0.247813
1 0.464803 0.505248 0.166328 0.185490
1 0.595358 0.202703 0.190060 0.162870
1 0.788843 0.459514 0.100871 0.133272
1 0.587536 0.478934 0.085440 0.097139
1 0.464012 0.505145 0.165374 0.185808
1 0.788875 0.460627 0.101092 0.130571
1 0.211032 0.506952 0.304732 0.314993
1 0.650717 0.832651 0.086479 0.069730
1 0.841918 0.447116 0.206834 0.189659
1 0.528986 0.761274 0.080050 0.100310
1 0.163387 0.581458 0.147268 0.165857
1 0.584422 0.809542 0.071081 0.056093
1 0.252267 0.787726 0.388950 0.166388
1 0.839874 0.228682 0.090850 0.095059
