1 0.342762 0.669728 0.134138 0.262601
1 0.366676 0.933902 0.104841 0.132196
1 0.070589 0.297077 0.051651 0.111929
1 0.170641 0.807539 0.168373 0.215251
1 0.841411 0.404509 0.092809 0.127153
1 0.172252 0.809173 0.164086 0.213563
1 0.260333 0.683226 0.080353 0.154567
1 0.512281 0.842748 0.098445 0.148024
1 0.151925 0.347269 0.144908 0.167606
1 0.248712 0.562307 0.095514 0.121532
1 0.938401 0.270620 0.123197 0.413952
1 0.817315 0.774443 0.108317 0.141046
1 0.445137 0.946578 0.065276 0.106844
1 0.448398 0.696062 0.099849 0.150357
1 0.391188 0.800832 0.095985 0.136349
1 0.500008 0.500000 0.999974 1.000000
1 0.509457 0.957168 0.071176 0.085664
1 0.099657 0.480163 0.122591 0.254994
1 0.499823 0.500196 0.999459 0.999608
1 0.866240 0.594374 0.225930 0.276717
1 0.520885 0.473507 0.081854 0.132084
1 0.835850 0.282644 0.118448 0.141031
1 0.561938 0.317023 0.116072 0.190364
1 0.640822 0.814147 0.218610 0.369777
1 0.087790 0.669263 0.150421 0.136001
1 0.719421 0.673685 0.081760 0.175264
1 0.501251 0.712779 0.073221 0.136899
1 0.218507 0.361522 0.079550 0.127376
1 0.291503 0.401245 0.105837 0.200151
1 0.850943 0.087373 0.103015 0.164824
1 0.316125 0.161103 0.120720 0.142438
1 0.666713 0.242858 0.085481 0.148609
1 0.349158 0.500694 0.066894 0.099954
1 0.099248 0.481298 0.122142 0.256276
1 0.139671 0.241778 0.107469 0.217373
1 0.751737 0.730008 0.073731 0.219365
1 0.828785 0.903129 0.206945 0.191947
1 0.486329 0.578033 0.096766 0.130109
1 0.830116 0.163092 0.113267 0.120478
1 0.698739 0.160998 0.092830 0.120189
1 0.181597 0.584101 0.046653 0.101777
1 0.766577 0.228771 0.074170 0.125690
1 0.163528 0.663111 0.056838 0.096838
1 0.440752 0.489318 0.132396 0.221744
1 0.249937 0.233238 0.081078 0.162568
1 0.291488 0.402000 0.106508 0.200410
1 0.202455 0.481121 0.079331 0.113573
1 0.441841 0.486946 0.133481 0.226834
1 0.719693 0.066807 0.102205 0.102112
