1 0.256230 0.806765 0.213555 0.247172
1 0.630434 0.115067 0.210663 0.230133
1 0.740660 0.845706 0.152022 0.172220
1 0.767883 0.463896 0.204041 0.240081
1 0.158633 0.151903 0.181245 0.228588
1 0.124672 0.642405 0.173025 0.219381
1 0.121882 0.407217 0.203832 0.257952
1 0.280182 0.541787 0.184405 0.235195
1 0.606307 0.337845 0.181809 0.215229
1 0.598467 0.563810 0.193492 0.231113
1 0.735025 0.671091 0.150378 0.178344
1 0.442892 0.432465 0.189807 0.235117
1 0.758168 0.254066 0.163267 0.186415
1 0.292432 0.301531 0.198481 0.238176
1 0.428642 0.677724 0.201302 0.258209
1 0.884274 0.620451 0.164062 0.215738
1 0.322048 0.096794 0.165976 0.193589
1 0.461687 0.208458 0.183462 0.221009
1 0.587844 0.792385 0.179519 0.224253
1 0.466943 0.046921 0.182618 0.093842
1 0.503721 0.473528 0.968533 0.934423
1 0.506563 0.472528 0.972188 0.937778
