1 0.501854 0.370102 0.260326 0.459709
1 0.244372 0.810621 0.157155 0.378758
1 0.541478 0.714989 0.229482 0.385717
1 0.716453 0.423423 0.240509 0.433458
1 0.877948 0.469059 0.174991 0.386843
1 0.385908 0.667799 0.156681 0.664402
1 0.329052 0.395074 0.030554 0.050020
1 0.226951 0.552724 0.204502 0.226084
1 0.384079 0.668038 0.153982 0.663100
1 0.226879 0.552526 0.206107 0.226845
1 0.755550 0.153781 0.156551 0.167737
1 0.469184 0.949810 0.091967 0.100381
1 0.310301 0.809580 0.289397 0.380840
1 0.118483 0.779672 0.080004 0.200189
