1 0.874698 0.236977 0.128533 0.246653
1 0.232247 0.826929 0.135847 0.346142
1 0.103318 0.801436 0.103736 0.202235
1 0.122476 0.600020 0.155827 0.196115
1 0.314459 0.248509 0.065520 0.101126
1 0.343703 0.680577 0.245371 0.314385
1 0.557007 0.162706 0.186744 0.325412
1 0.738660 0.050995 0.127753 0.101991
1 0.738274 0.051217 0.128960 0.102433
1 0.785596 0.316885 0.071868 0.150015
1 0.293217 0.378821 0.134107 0.189296
1 0.225714 0.531907 0.124184 0.246775
1 0.022846 0.907900 0.045691 0.164037
1 0.764806 0.210965 0.077133 0.120555
1 0.379788 0.894994 0.112149 0.186220
1 0.868958 0.592744 0.262085 0.470550
1 0.040851 0.747467 0.081702 0.137921
