1 0.175748 0.403790 0.191051 0.269119
1 0.251882 0.145955 0.165099 0.243582
1 0.397308 0.363360 0.159298 0.218629
1 0.401202 0.612900 0.205101 0.294381
1 0.277160 0.547743 0.165603 0.248691
1 0.697495 0.518323 0.174151 0.254829
1 0.792632 0.897885 0.175267 0.204230
1 0.068866 0.361688 0.137611 0.234721
1 0.715991 0.277500 0.178569 0.249838
1 0.058861 0.618451 0.117702 0.275011
1 0.606572 0.119719 0.161179 0.233711
1 0.092711 0.826168 0.185422 0.300299
1 0.287687 0.823274 0.208658 0.313021
1 0.507241 0.832030 0.196518 0.166794
1 0.816398 0.634668 0.170137 0.231903
1 0.555402 0.360074 0.158905 0.238942
1 0.677950 0.764026 0.178024 0.233035
1 0.826642 0.239997 0.126811 0.204720
1 0.537459 0.919607 0.220641 0.160786
1 0.535764 0.919491 0.216956 0.161018
1 0.894595 0.588342 0.136220 0.189701
1 0.397901 0.363099 0.158657 0.218800
1 0.816753 0.633766 0.169141 0.232222
1 0.517722 0.045053 0.076644 0.088307
1 0.369208 0.950460 0.147367 0.099079
1 0.924172 0.084612 0.149487 0.169224
1 0.554827 0.636373 0.159641 0.251079
1 0.461443 0.174554 0.148280 0.238332
1 0.190448 0.947826 0.193059 0.104348
1 0.154519 0.188952 0.111356 0.173531
1 0.956422 0.948078 0.087155 0.103843
