1 0.300686 0.305638 0.130022 0.602472
1 0.902628 0.480338 0.194572 0.501987
1 0.954901 0.843117 0.090198 0.310397
1 0.261108 0.796295 0.210611 0.404823
1 0.319386 0.304315 0.326345 0.605831
1 0.522865 0.316829 0.116197 0.322190
1 0.404681 0.308114 0.129950 0.606813
1 0.404885 0.306705 0.130659 0.607297
1 0.644261 0.940483 0.241028 0.118852
1 0.469171 0.641151 0.245184 0.432864
1 0.378947 0.908962 0.251761 0.181589
1 0.079902 0.840940 0.159788 0.317832
1 0.718806 0.614831 0.180684 0.762906
1 0.719474 0.614402 0.181680 0.763209
1 0.469014 0.641689 0.245421 0.434376
1 0.450535 0.192385 0.069147 0.384769
1 0.232238 0.146666 0.154043 0.291359
1 0.450311 0.203321 0.069338 0.405070
1 0.643935 0.940362 0.240906 0.118435
1 0.954649 0.842808 0.090703 0.308452
1 0.089364 0.560768 0.093578 0.099978
1 0.815700 0.581464 0.194835 0.594205
1 0.748581 0.203205 0.161541 0.405636
1 0.139901 0.472014 0.279712 0.588687
1 0.054501 0.136744 0.109002 0.273488
