1 0.173824 0.214810 0.345181 0.429541
1 0.641913 0.356122 0.365843 0.711825
1 0.641800 0.355319 0.365887 0.710279
1 0.642505 0.355331 0.365696 0.709295
1 0.213843 0.716857 0.412099 0.565914
1 0.173815 0.463206 0.245147 0.569777
1 0.173936 0.461213 0.244338 0.570068
1 0.602045 0.839273 0.204581 0.319018
1 0.791796 0.077095 0.198543 0.154191
1 0.329255 0.379302 0.096201 0.552550
1 0.471045 0.744290 0.145353 0.511419
1 0.329606 0.378432 0.095854 0.553134
1 0.500496 0.500135 0.998281 0.999731
1 0.718389 0.748538 0.154898 0.270262
1 0.056118 0.391511 0.112175 0.780932
1 0.873950 0.494492 0.251907 0.981408
1 0.412693 0.338550 0.102928 0.617449
1 0.837396 0.311526 0.097290 0.328281
