1 0.691765 0.346239 0.079511 0.131548
1 0.521154 0.163250 0.108394 0.141152
1 0.275320 0.877090 0.123136 0.156688
1 0.154696 0.192092 0.107302 0.135821
1 0.762325 0.080554 0.149583 0.161108
1 0.625048 0.182805 0.127386 0.187922
1 0.638969 0.570068 0.149129 0.210667
1 0.610159 0.383618 0.121880 0.191975
1 0.856796 0.244685 0.132115 0.194124
1 0.170789 0.064915 0.140362 0.129403
1 0.147122 0.795701 0.131537 0.185510
1 0.126295 0.348320 0.103527 0.194342
1 0.839784 0.763142 0.136006 0.215547
1 0.087388 0.553519 0.127962 0.170525
1 0.096559 0.910856 0.109708 0.164785
1 0.392387 0.916145 0.131939 0.167710
1 0.736908 0.448436 0.109832 0.174370
1 0.613550 0.051841 0.142909 0.103651
1 0.208552 0.329302 0.129820 0.188817
1 0.803590 0.981165 0.086026 0.037669
1 0.950096 0.723247 0.099808 0.221926
1 0.055988 0.090612 0.110015 0.165725
1 0.625037 0.183098 0.126704 0.187048
1 0.268257 0.720256 0.128118 0.196815
