1 0.822952 0.735376 0.223206 0.232881
1 0.822935 0.735332 0.223257 0.232860
1 0.154773 0.135779 0.176629 0.148730
1 0.278833 0.795633 0.447205 0.171773
1 0.155204 0.135307 0.175097 0.148796
1 0.600176 0.778613 0.154710 0.141788
1 0.472548 0.161435 0.234705 0.210264
1 0.450742 0.304020 0.401855 0.236992
1 0.142001 0.357645 0.181455 0.173630
1 0.600241 0.778603 0.154719 0.142115
1 0.472468 0.161234 0.234045 0.210728
1 0.827841 0.373706 0.222450 0.175151
1 0.827445 0.373643 0.222667 0.174563
1 0.137393 0.588035 0.177781 0.195005
1 0.452219 0.305470 0.401426 0.235562
1 0.729094 0.537019 0.451022 0.099321
1 0.764975 0.173651 0.215688 0.134796
1 0.366255 0.586145 0.201338 0.269231
1 0.451387 0.304764 0.402514 0.237716
1 0.450094 0.213652 0.408238 0.416547
