1 0.039225 0.471178 0.078450 0.251454
1 0.784307 0.276017 0.112016 0.208263
1 0.448860 0.180021 0.103728 0.231509
1 0.566833 0.179548 0.161966 0.228863
1 0.335708 0.731362 0.098389 0.216701
1 0.888525 0.550421 0.156430 0.235474
1 0.154511 0.316950 0.101926 0.113676
1 0.154440 0.317242 0.102998 0.113247
1 0.150199 0.457224 0.118257 0.189968
1 0.858994 0.355770 0.166318 0.220501
1 0.732633 0.896824 0.144694 0.205019
1 0.083621 0.151612 0.135036 0.189081
1 0.414146 0.522922 0.144484 0.220625
1 0.334489 0.112539 0.097227 0.120882
1 0.654746 0.732409 0.153845 0.240249
1 0.246653 0.159948 0.111730 0.179182
1 0.880101 0.851010 0.147134 0.181394
1 0.231025 0.550047 0.111055 0.175887
1 0.347523 0.254375 0.123177 0.211553
1 0.048727 0.301377 0.097405 0.208847
1 0.246377 0.159857 0.111300 0.179212
1 0.129560 0.616766 0.103709 0.151703
1 0.254537 0.818265 0.117417 0.195653
1 0.206977 0.720243 0.127105 0.171130
1 0.871843 0.138393 0.157770 0.215574
1 0.563301 0.751762 0.105773 0.239540
1 0.074358 0.751265 0.133731 0.184438
1 0.049660 0.315314 0.099320 0.236708
1 0.739929 0.066538 0.124845 0.124551
1 0.717030 0.197575 0.113520 0.155793
1 0.347388 0.912319 0.143667 0.175363
1 0.701276 0.476770 0.157810 0.221565
1 0.931053 0.689901 0.137894 0.244513
1 0.355002 0.460245 0.156156 0.235848
1 0.931146 0.689683 0.137707 0.245355
1 0.977085 0.130025 0.045831 0.222355
1 0.248453 0.381626 0.117102 0.166552
1 0.170536 0.079068 0.092049 0.144087
1 0.248764 0.381246 0.117050 0.166091
