1 0.527815 0.473384 0.381343 0.199990
1 0.201174 0.755777 0.277047 0.300702
1 0.182817 0.206374 0.241680 0.215735
1 0.160050 0.499868 0.194267 0.189262
1 0.480320 0.795639 0.194501 0.218463
1 0.439213 0.235058 0.178438 0.252743
1 0.439004 0.236001 0.179220 0.251546
1 0.758288 0.205890 0.403509 0.226535
1 0.407545 0.199316 0.244752 0.328317
1 0.854770 0.537868 0.055566 0.083693
1 0.792076 0.536403 0.076014 0.085429
1 0.866719 0.843901 0.191869 0.123962
1 0.716503 0.761530 0.194622 0.193256
1 0.823373 0.188401 0.273548 0.191963
1 0.201055 0.756103 0.276851 0.299796
1 0.916244 0.548930 0.078029 0.079713
