1 0.288744 0.357780 0.120341 0.075507
1 0.417706 0.326782 0.166923 0.096174
1 0.446779 0.179909 0.134718 0.063454
1 0.366417 0.410050 0.177883 0.076605
1 0.243476 0.498294 0.183592 0.100220
1 0.366612 0.409604 0.177592 0.074950
1 0.207268 0.426847 0.154615 0.065541
1 0.604044 0.503568 0.171755 0.106692
1 0.568555 0.415525 0.176345 0.090969
1 0.388732 0.543976 0.772087 0.575312
1 0.079679 0.776245 0.115835 0.101585
1 0.417626 0.327050 0.168485 0.097514
1 0.556747 0.326814 0.130607 0.082447
1 0.433768 0.485989 0.172681 0.103748
1 0.549416 0.617666 0.192307 0.109109
1 0.335860 0.829234 0.110051 0.060133
1 0.703748 0.508941 0.132706 0.104616
1 0.604243 0.503504 0.171208 0.107254
1 0.458306 0.767394 0.150479 0.049121
1 0.394205 0.681317 0.178316 0.100699
1 0.433245 0.486267 0.171801 0.103094
