1 0.730614 0.230003 0.168675 0.174256
1 0.555361 0.162927 0.197394 0.324188
1 0.730279 0.228224 0.170983 0.179652
1 0.886241 0.671374 0.218159 0.226976
1 0.317357 0.601879 0.191761 0.339990
1 0.902288 0.432444 0.161207 0.363119
1 0.525013 0.506934 0.238389 0.441877
1 0.749172 0.482695 0.222975 0.363162
1 0.885584 0.669966 0.219430 0.224738
1 0.524575 0.508247 0.238154 0.444088
1 0.902118 0.432295 0.161154 0.363464
1 0.061773 0.744554 0.123546 0.192855
1 0.144828 0.553392 0.215735 0.322135
1 0.902510 0.433352 0.161388 0.365107
1 0.231744 0.244928 0.154000 0.322795
1 0.452552 0.849469 0.263938 0.260302
1 0.500076 0.534955 0.999849 0.926183
1 0.524839 0.507257 0.237773 0.445027
1 0.231718 0.244442 0.154227 0.321655
1 0.375346 0.297468 0.201588 0.319482
1 0.375296 0.297534 0.201315 0.319145
1 0.231689 0.243805 0.153580 0.320277
1 0.223629 0.819995 0.220914 0.246557
1 0.457985 0.677469 0.159928 0.182992
