1 0.882388 0.777864 0.235225 0.365211
1 0.882357 0.777319 0.235286 0.364041
1 0.397075 0.353840 0.118252 0.184614
1 0.617204 0.345760 0.269019 0.399377
1 0.105958 0.858868 0.139678 0.178576
1 0.617393 0.345923 0.269992 0.401365
1 0.068835 0.161332 0.137489 0.225778
1 0.576852 0.731629 0.256643 0.457069
1 0.617296 0.346186 0.269888 0.401695
1 0.476537 0.854603 0.178176 0.290793
1 0.319452 0.799825 0.154206 0.387402
1 0.212599 0.521517 0.191990 0.437186
1 0.182370 0.268108 0.237698 0.452334
1 0.786565 0.408950 0.061722 0.068206
1 0.713908 0.173062 0.211265 0.317498
1 0.318349 0.800432 0.153300 0.387797
1 0.476582 0.854017 0.178375 0.291965
1 0.875504 0.371699 0.164475 0.288587
1 0.476638 0.854452 0.178085 0.291097
1 0.381429 0.129704 0.090758 0.111856
