1 0.087359 0.648740 0.124015 0.119252
1 0.358677 0.661164 0.069951 0.069238
1 0.463415 0.435326 0.211693 0.281021
1 0.793776 0.595810 0.157548 0.136333
1 0.234446 0.788686 0.117189 0.175237
1 0.689153 0.605331 0.086035 0.115864
1 0.136064 0.743053 0.110345 0.091569
1 0.034048 0.731765 0.063498 0.091532
1 0.373413 0.552766 0.153712 0.179680
1 0.373862 0.552745 0.154955 0.178610
1 0.405173 0.684810 0.033128 0.029873
1 0.436655 0.687686 0.422564 0.215343
1 0.136196 0.743257 0.108364 0.090071
1 0.280061 0.674314 0.057967 0.039242
1 0.225237 0.409693 0.196260 0.530082
1 0.149900 0.734961 0.293975 0.299938
1 0.150569 0.734565 0.296667 0.298034
1 0.148039 0.824803 0.057983 0.083806
