1 0.499661 0.498258 0.999321 0.995685
1 0.193498 0.056942 0.140966 0.113846
1 0.841717 0.082043 0.139899 0.164054
1 0.969804 0.471691 0.060393 0.159377
1 0.018655 0.167014 0.037309 0.187659
1 0.515082 0.049661 0.156022 0.099322
1 0.647023 0.607873 0.175733 0.239872
1 0.016658 0.039681 0.033317 0.079353
1 0.840140 0.080550 0.133482 0.161100
1 0.851691 0.255201 0.159476 0.179199
1 0.851179 0.254592 0.160469 0.177798
1 0.961600 0.304394 0.076799 0.216248
1 0.830710 0.680868 0.161033 0.228810
1 0.131585 0.384784 0.156944 0.245868
1 0.930106 0.100040 0.139787 0.200080
1 0.930712 0.099976 0.138575 0.199952
1 0.935174 0.608816 0.115686 0.174019
1 0.624889 0.312605 0.122016 0.175873
1 0.627430 0.914448 0.168427 0.171105
1 0.048510 0.744640 0.096984 0.237647
1 0.404120 0.940828 0.120399 0.118344
1 0.773478 0.927508 0.128183 0.144408
1 0.238114 0.154022 0.129888 0.178586
1 0.988480 0.927337 0.023041 0.141277
1 0.397419 0.022450 0.111126 0.044900
1 0.113034 0.178608 0.166317 0.212035
1 0.030211 0.367078 0.060422 0.226618
1 0.520038 0.779423 0.176718 0.214571
1 0.706048 0.189803 0.160538 0.188325
1 0.292060 0.243878 0.125567 0.179739
1 0.934859 0.608844 0.115540 0.173895
1 0.627863 0.914517 0.170191 0.170965
