1 0.353545 0.499478 0.662879 0.628443
1 0.357589 0.827603 0.351214 0.344795
1 0.530692 0.620788 0.282370 0.409119
1 0.252159 0.756372 0.281488 0.394778
1 0.357553 0.827664 0.350973 0.344671
1 0.974784 0.652916 0.050431 0.243771
1 0.727740 0.673487 0.122932 0.183105
1 0.777499 0.773356 0.120113 0.190118
1 0.909683 0.812411 0.143337 0.183046
1 0.815200 0.577557 0.115726 0.142747
1 0.627007 0.839302 0.194773 0.202973
1 0.829323 0.691379 0.098355 0.144356
1 0.671106 0.969975 0.104833 0.060049
1 0.913337 0.561998 0.084121 0.172958
