1 0.617403 0.635453 0.163741 0.377001
1 0.662464 0.287967 0.170313 0.485467
1 0.414856 0.963884 0.129058 0.072232
1 0.785006 0.586250 0.170825 0.513530
1 0.493020 0.293477 0.175487 0.426620
1 0.662496 0.288078 0.169595 0.485654
1 0.319803 0.790758 0.184996 0.418484
1 0.367659 0.453214 0.210095 0.423185
1 0.784729 0.585305 0.169421 0.512899
1 0.737574 0.875422 0.217311 0.249155
1 0.545956 0.503754 0.870242 0.992492
1 0.519094 0.785055 0.214585 0.429890
1 0.737172 0.876681 0.216255 0.246637
1 0.115505 0.216359 0.206090 0.431336
