1 0.313268 0.910621 0.193215 0.178758
1 0.422703 0.280520 0.103723 0.172867
1 0.929851 0.916418 0.140298 0.167163
1 0.500556 0.186889 0.105020 0.165189
1 0.903938 0.171636 0.111716 0.176278
1 0.313697 0.733073 0.161701 0.248587
1 0.856030 0.652022 0.103982 0.183247
1 0.937306 0.541469 0.125387 0.197359
1 0.556715 0.755248 0.153965 0.245407
1 0.706432 0.924170 0.179479 0.151659
1 0.714882 0.441965 0.071420 0.156908
1 0.949824 0.722108 0.099993 0.205790
1 0.567000 0.541780 0.053794 0.182046
1 0.566672 0.541529 0.052961 0.181902
1 0.447018 0.633408 0.131689 0.196025
1 0.313906 0.733747 0.163738 0.248724
1 0.729719 0.601321 0.067938 0.184639
1 0.485049 0.535657 0.115664 0.176428
1 0.346336 0.576194 0.111716 0.112971
1 0.837641 0.349014 0.145474 0.193205
1 0.424107 0.839702 0.133780 0.216978
1 0.558243 0.360598 0.099055 0.182841
1 0.557445 0.250417 0.085946 0.080677
1 0.423544 0.838847 0.134194 0.215449
1 0.508383 0.558040 0.681265 0.883919
1 0.529117 0.932534 0.154697 0.134933
1 0.630714 0.414076 0.130511 0.192466
1 0.930805 0.918598 0.138390 0.162404
1 0.557316 0.253154 0.086621 0.085588
1 0.346685 0.333948 0.073565 0.099056
1 0.339473 0.197406 0.102693 0.179556
1 0.947854 0.287547 0.104012 0.137604
1 0.508987 0.562065 0.677643 0.875870
1 0.709403 0.778106 0.130769 0.170446
1 0.850736 0.298028 0.096967 0.133254
1 0.346591 0.334145 0.073753 0.100385
