1 0.753435 0.227191 0.120874 0.288405
1 0.512683 0.637862 0.193446 0.397721
1 0.342083 0.529624 0.171730 0.289185
1 0.745424 0.654532 0.137588 0.399938
1 0.683109 0.425804 0.199949 0.291155
1 0.595251 0.234277 0.185341 0.301149
1 0.366271 0.197022 0.158558 0.229160
1 0.331301 0.776663 0.164444 0.278606
1 0.256456 0.337875 0.141571 0.335913
1 0.517738 0.850945 0.213559 0.134292
1 0.234024 0.147726 0.097082 0.128788
1 0.471592 0.355479 0.157174 0.270080
1 0.634150 0.758266 0.112759 0.307999
1 0.223668 0.640589 0.075181 0.245407
1 0.794931 0.405923 0.036721 0.104905
1 0.221988 0.831469 0.071966 0.152226
