1 0.272791 0.288602 0.080070 0.129237
1 0.176852 0.194819 0.098759 0.158472
1 0.842192 0.828162 0.086226 0.150959
1 0.512909 0.498221 0.973093 0.996441
1 0.411663 0.688743 0.090127 0.159890
1 0.407743 0.338531 0.095161 0.129287
1 0.942549 0.811837 0.100008 0.177474
1 0.773547 0.568395 0.084974 0.156635
1 0.286817 0.127912 0.097187 0.136225
1 0.699842 0.834804 0.099164 0.132682
1 0.689052 0.944518 0.090477 0.110965
1 0.352621 0.432603 0.084192 0.158486
1 0.849465 0.623785 0.093599 0.145300
1 0.780085 0.939090 0.094308 0.121820
