1 0.556177 0.711856 0.126550 0.173856
1 0.556474 0.711671 0.127271 0.174148
1 0.842253 0.585720 0.165653 0.205275
1 0.809263 0.375209 0.157615 0.195990
1 0.197001 0.490831 0.096956 0.135506
1 0.940312 0.460430 0.119376 0.228455
1 0.921512 0.252019 0.156977 0.211143
1 0.525523 0.279179 0.121030 0.130516
1 0.657519 0.259076 0.144802 0.191120
1 0.812795 0.165848 0.163696 0.208220
1 0.525633 0.278703 0.120659 0.130544
1 0.569217 0.312845 0.858295 0.625690
1 0.479194 0.053000 0.087490 0.105999
1 0.416980 0.510127 0.112190 0.144897
1 0.299005 0.521035 0.115617 0.173849
1 0.361842 0.414398 0.078439 0.099163
1 0.361493 0.415408 0.077922 0.100836
1 0.450665 0.369398 0.123077 0.152780
1 0.376001 0.057870 0.131410 0.115740
1 0.582893 0.032277 0.119855 0.064554
1 0.699450 0.083235 0.158547 0.166223
1 0.307438 0.115360 0.122045 0.179497
1 0.425291 0.170097 0.122566 0.175729
