1 0.156622 0.602504 0.207969 0.753971
1 0.836057 0.544170 0.255577 0.556822
1 0.487845 0.620808 0.375095 0.706721
1 0.089949 0.567878 0.063419 0.095742
1 0.434738 0.635644 0.080400 0.118436
1 0.793880 0.597636 0.125329 0.128948
1 0.167548 0.595575 0.086524 0.121474
1 0.230102 0.607409 0.048783 0.091680
1 0.855166 0.687809 0.101334 0.126431
1 0.104453 0.665645 0.062506 0.086695
1 0.183136 0.402489 0.080406 0.102185
1 0.533046 0.898033 0.081138 0.110604
1 0.505133 0.673511 0.086567 0.126842
1 0.874275 0.522372 0.085567 0.113997
