1 0.894163 0.493535 0.211675 0.819068
1 0.228592 0.360232 0.206849 0.430817
1 0.897642 0.215949 0.204537 0.389832
1 0.282159 0.668913 0.228310 0.338483
1 0.663785 0.245432 0.280877 0.445273
1 0.687644 0.624216 0.258121 0.465305
1 0.485332 0.202279 0.195658 0.398985
1 0.687564 0.624333 0.258904 0.464636
1 0.687322 0.624523 0.258304 0.465471
1 0.846056 0.502276 0.170389 0.266971
1 0.476277 0.713609 0.248380 0.352552
1 0.511506 0.501599 0.188335 0.170119
1 0.507965 0.501878 0.982548 0.993485
1 0.353320 0.234727 0.064983 0.243127
1 0.476264 0.713641 0.248162 0.353378
