1 0.889425 0.791496 0.083949 0.093265
1 0.864906 0.897671 0.270189 0.204658
1 0.875055 0.724059 0.075780 0.093132
1 0.797902 0.817415 0.101213 0.112520
1 0.872331 0.721479 0.255013 0.323512
1 0.628325 0.451274 0.733373 0.902549
1 0.100392 0.712709 0.066142 0.078852
1 0.962541 0.640204 0.074918 0.109930
1 0.819071 0.937326 0.176969 0.125349
1 0.933490 0.898401 0.133019 0.203197
1 0.864663 0.897910 0.270410 0.204179
1 0.856109 0.673538 0.069011 0.074116
1 0.164105 0.711840 0.070421 0.096792
1 0.984297 0.711556 0.031406 0.080225
1 0.139482 0.641831 0.071485 0.072820
1 0.329437 0.500055 0.123521 0.137984
1 0.864711 0.777475 0.270578 0.445050
