1 0.878505 0.372487 0.242989 0.377135
1 0.878184 0.372403 0.243446 0.373775
1 0.688286 0.456807 0.134608 0.206643
1 0.276256 0.935948 0.142950 0.128105
1 0.321743 0.266541 0.259606 0.407289
1 0.591668 0.282553 0.211126 0.351783
1 0.662093 0.794817 0.157338 0.211934
1 0.592030 0.282167 0.211232 0.352062
1 0.803128 0.708572 0.130083 0.160673
1 0.750926 0.949909 0.128481 0.100183
1 0.137091 0.047965 0.090615 0.094564
1 0.806243 0.558566 0.160930 0.195386
1 0.218095 0.577971 0.115790 0.171088
1 0.321444 0.265349 0.259793 0.409021
1 0.497415 0.443511 0.131740 0.157465
1 0.374016 0.525676 0.103886 0.129252
1 0.607277 0.946041 0.171434 0.107917
1 0.153401 0.786481 0.156049 0.222288
1 0.803243 0.708647 0.129901 0.160923
1 0.499473 0.503247 0.998072 0.993505
1 0.494358 0.606669 0.191513 0.234500
1 0.067092 0.254353 0.134185 0.424193
