1 0.476324 0.340308 0.120219 0.232273
1 0.476410 0.341327 0.119001 0.232990
1 0.968447 0.801929 0.063107 0.317081
1 0.441443 0.837397 0.152080 0.255495
1 0.519089 0.608484 0.136525 0.282932
1 0.333949 0.704738 0.187138 0.298619
1 0.618076 0.423948 0.149832 0.281604
1 0.801672 0.484187 0.158165 0.284080
1 0.987855 0.530202 0.024291 0.284021
1 0.324454 0.703492 0.158103 0.290906
1 0.331036 0.698180 0.171960 0.280736
1 0.518875 0.607821 0.135768 0.281558
1 0.442340 0.838146 0.151294 0.257223
1 0.862394 0.137604 0.269831 0.275145
1 0.417502 0.401809 0.244753 0.352165
1 0.987794 0.534742 0.024412 0.284617
1 0.417925 0.441555 0.136655 0.263667
1 0.862298 0.136387 0.270133 0.272700
1 0.566011 0.860117 0.161961 0.278123
1 0.618552 0.423781 0.149376 0.279611
1 0.871842 0.689399 0.176973 0.316585
