1 0.159988 0.786794 0.266547 0.426412
1 0.259495 0.537976 0.208295 0.354533
1 0.320991 0.202691 0.137227 0.400030
1 0.160367 0.786595 0.266384 0.426811
1 0.462831 0.552186 0.197236 0.337249
1 0.855152 0.619421 0.211874 0.499294
1 0.625909 0.564060 0.152730 0.589433
1 0.556270 0.827010 0.151337 0.345980
1 0.874294 0.187071 0.123804 0.234404
1 0.556727 0.826465 0.151853 0.347070
1 0.952087 0.477576 0.095826 0.302857
1 0.436087 0.242778 0.206322 0.483320
1 0.968363 0.232110 0.063262 0.277877
1 0.386653 0.956184 0.159719 0.087631
1 0.859575 0.797543 0.169559 0.404914
1 0.886511 0.638287 0.226979 0.691327
1 0.946482 0.062354 0.107037 0.124708
1 0.968449 0.229823 0.063101 0.277025
1 0.853573 0.622656 0.208669 0.491963
1 0.435856 0.243270 0.206324 0.484402
1 0.886170 0.481305 0.227064 0.371772
1 0.952180 0.502252 0.095640 0.351631
