1 0.882729 0.568062 0.234542 0.623736
1 0.844931 0.919955 0.266707 0.160091
1 0.238606 0.233449 0.285687 0.463987
1 0.164244 0.428304 0.152330 0.225047
1 0.853655 0.109464 0.220914 0.218927
1 0.801313 0.454241 0.166445 0.281867
1 0.801089 0.454047 0.166712 0.281486
1 0.646321 0.635563 0.119752 0.167132
1 0.053885 0.038217 0.107770 0.076434
1 0.642733 0.857226 0.154464 0.285548
1 0.856575 0.109587 0.214916 0.218389
1 0.350929 0.068149 0.148150 0.136298
1 0.401959 0.383649 0.089324 0.096370
1 0.517225 0.070474 0.181297 0.140947
1 0.669765 0.165418 0.295817 0.329272
1 0.642376 0.857150 0.154420 0.285699
1 0.854477 0.109854 0.219791 0.218357
1 0.421685 0.215633 0.167507 0.249327
1 0.054535 0.762339 0.108986 0.237531
1 0.059110 0.541178 0.118220 0.209884
1 0.954773 0.187922 0.090455 0.147048
1 0.500069 0.070111 0.147628 0.140222
1 0.173321 0.895915 0.172041 0.208170
1 0.350358 0.068333 0.149126 0.136666
1 0.172636 0.895870 0.172921 0.208261
1 0.172294 0.895842 0.171351 0.208317
1 0.543335 0.961646 0.159416 0.076708
1 0.881588 0.566954 0.235906 0.619878
1 0.140504 0.254915 0.132090 0.165938
1 0.541815 0.696470 0.126450 0.167954
1 0.370779 0.604491 0.154493 0.174607
1 0.082452 0.122846 0.114264 0.166786
1 0.279965 0.803244 0.148131 0.238358
1 0.371259 0.604729 0.154753 0.173291
1 0.323286 0.964990 0.145098 0.070020
1 0.177578 0.641793 0.154216 0.208936
1 0.646203 0.635859 0.119803 0.167321
1 0.543655 0.961853 0.158080 0.076293
1 0.799635 0.240475 0.103632 0.149607
1 0.279290 0.802920 0.147487 0.238530
1 0.544892 0.406358 0.227689 0.407290
1 0.363969 0.721503 0.049286 0.079740
