1 0.492952 0.494713 0.851074 0.673959
1 0.692151 0.456780 0.132945 0.169780
1 0.486578 0.308704 0.131506 0.179236
1 0.465753 0.732390 0.125978 0.187975
1 0.683598 0.713488 0.157552 0.179965
1 0.741871 0.620272 0.139633 0.195709
1 0.521571 0.456805 0.130760 0.212414
1 0.715642 0.348029 0.125211 0.129524
1 0.609861 0.570137 0.122533 0.192291
1 0.402696 0.346595 0.077621 0.103554
1 0.316898 0.307809 0.098456 0.135783
1 0.224919 0.307563 0.062563 0.092323
1 0.822261 0.351760 0.153229 0.163127
1 0.581408 0.392168 0.090167 0.165974
1 0.676318 0.234813 0.102794 0.147549
1 0.590337 0.252299 0.109078 0.131523
1 0.493299 0.491591 0.826477 0.679508
1 0.403884 0.435836 0.071741 0.096968
1 0.826801 0.574989 0.145196 0.218100
1 0.169075 0.522542 0.105267 0.153059
1 0.183581 0.651241 0.077984 0.122710
1 0.828189 0.471299 0.124985 0.091038
1 0.360794 0.737682 0.089400 0.153464
1 0.957764 0.817115 0.084473 0.365769
1 0.371993 0.244117 0.164733 0.147103
1 0.622044 0.351993 0.103053 0.104689
