1 0.532321 0.529305 0.226191 0.306585
1 0.816464 0.748272 0.137189 0.198966
1 0.429204 0.357887 0.159600 0.248671
1 0.473375 0.863449 0.189072 0.221211
1 0.726242 0.501708 0.198894 0.293389
1 0.700631 0.246313 0.372765 0.354470
1 0.358990 0.595239 0.144521 0.153735
1 0.574483 0.416234 0.117778 0.097877
1 0.673654 0.793581 0.162829 0.177362
1 0.158418 0.510741 0.124365 0.147362
1 0.816667 0.749061 0.136916 0.201365
1 0.107951 0.443886 0.117133 0.162251
1 0.234085 0.442273 0.113950 0.154968
1 0.051087 0.723231 0.102102 0.177178
1 0.064274 0.601722 0.104942 0.098860
1 0.656961 0.845885 0.131143 0.211933
1 0.342781 0.485742 0.136273 0.143694
1 0.342844 0.485789 0.136389 0.145072
1 0.171243 0.724355 0.126947 0.146253
1 0.050782 0.723580 0.101564 0.177728
1 0.322708 0.886306 0.150048 0.217713
1 0.204015 0.919174 0.088154 0.161652
1 0.322129 0.887032 0.151354 0.215826
1 0.171234 0.724376 0.126830 0.145700
1 0.063875 0.602051 0.105559 0.101789
1 0.680327 0.795191 0.149292 0.175151
