1 0.769327 0.142605 0.456041 0.285210
1 0.498921 0.500523 0.997842 0.998087
1 0.245562 0.552856 0.449523 0.287406
1 0.862576 0.678324 0.243982 0.173137
1 0.539758 0.546931 0.167583 0.125158
1 0.588374 0.729974 0.324972 0.269475
1 0.832255 0.879210 0.314847 0.241318
1 0.246069 0.550418 0.449383 0.292648
1 0.378859 0.091623 0.227341 0.183181
1 0.336231 0.742029 0.183278 0.143078
1 0.567713 0.930901 0.261951 0.137275
1 0.126064 0.796866 0.252128 0.228293
1 0.590827 0.160269 0.226040 0.180528
1 0.168318 0.253626 0.258408 0.154116
1 0.770259 0.463789 0.414988 0.310482
