1 0.462488 0.068468 0.129222 0.136936
1 0.580358 0.233881 0.180362 0.271579
1 0.334928 0.454772 0.160961 0.190944
1 0.148414 0.466696 0.199519 0.248867
1 0.322523 0.273764 0.182150 0.197992
1 0.668915 0.756949 0.269408 0.374576
1 0.959007 0.270320 0.081985 0.306036
1 0.268175 0.812949 0.261932 0.305626
1 0.461760 0.259532 0.098213 0.172106
1 0.426276 0.675915 0.174967 0.288355
1 0.912085 0.802619 0.175830 0.247334
1 0.273950 0.074174 0.164909 0.145038
1 0.920808 0.480308 0.158384 0.211440
1 0.676867 0.168757 0.096426 0.121210
1 0.578628 0.585436 0.183791 0.276516
