1 0.560861 0.469400 0.318764 0.376857
1 0.828540 0.708031 0.342921 0.432081
1 0.279988 0.605685 0.278451 0.322914
1 0.521915 0.236485 0.142331 0.159563
1 0.074178 0.592636 0.148224 0.293095
1 0.332817 0.367128 0.172889 0.205534
1 0.524539 0.776828 0.332420 0.300093
1 0.756333 0.151197 0.183043 0.244581
1 0.332919 0.367060 0.173801 0.206777
1 0.499695 0.484172 0.996711 0.949343
1 0.142536 0.390434 0.213412 0.269835
1 0.210212 0.093792 0.146859 0.126874
1 0.810197 0.420130 0.214123 0.196300
1 0.210215 0.093564 0.146548 0.125741
1 0.689776 0.173442 0.581385 0.337600
1 0.811810 0.176412 0.333308 0.316129
1 0.171546 0.402100 0.156269 0.163168
1 0.688304 0.173229 0.582986 0.340378
1 0.306674 0.255599 0.304954 0.246706
1 0.306563 0.255949 0.305162 0.246937
1 0.306085 0.255836 0.306207 0.247479
1 0.452808 0.130865 0.110748 0.157226
