1 0.439068 0.507021 0.153172 0.124116
1 0.653150 0.757005 0.299389 0.174715
1 0.637544 0.322548 0.156109 0.112333
1 0.499108 0.560671 0.998216 0.831561
1 0.178590 0.338717 0.136100 0.106344
1 0.889771 0.498458 0.204873 0.129989
1 0.263642 0.304354 0.127010 0.116284
1 0.599793 0.414263 0.145920 0.089045
1 0.667166 0.537411 0.309258 0.205656
1 0.184490 0.665258 0.216905 0.185073
1 0.898067 0.658925 0.200649 0.231227
1 0.364524 0.271332 0.096481 0.082183
1 0.413969 0.658278 0.253571 0.183556
1 0.166013 0.272884 0.096535 0.063150
1 0.783967 0.409673 0.249221 0.103439
1 0.483902 0.438751 0.101744 0.092120
1 0.268378 0.545613 0.194994 0.159459
1 0.383276 0.205708 0.124019 0.056833
1 0.782950 0.409328 0.240429 0.103165
