1 0.873110 0.726211 0.253533 0.348685
1 0.130140 0.694819 0.260281 0.325682
1 0.472293 0.320122 0.473164 0.185950
1 0.130038 0.695377 0.260076 0.325978
1 0.872481 0.725894 0.252245 0.348927
1 0.122128 0.404139 0.243937 0.277423
1 0.195345 0.457707 0.223167 0.184908
1 0.525931 0.115414 0.114701 0.071047
1 0.856790 0.447786 0.285688 0.253119
1 0.761067 0.137383 0.156236 0.097005
1 0.877937 0.186953 0.163592 0.118064
1 0.933192 0.155831 0.108592 0.090256
1 0.404057 0.153202 0.110251 0.092744
1 0.607703 0.183665 0.137291 0.106531
1 0.484430 0.189156 0.113680 0.094440
1 0.473023 0.802711 0.430077 0.246441
1 0.318646 0.603848 0.293352 0.219290
1 0.628004 0.599412 0.330604 0.238636
1 0.193891 0.458276 0.225488 0.183021
1 0.625170 0.406010 0.191841 0.131914
1 0.626746 0.130904 0.096575 0.055225
1 0.253273 0.276522 0.122892 0.104416
1 0.783188 0.285141 0.160281 0.126884
1 0.499715 0.528129 0.999430 0.931260
