1 0.453937 0.453365 0.888784 0.862870
1 0.834085 0.185630 0.099726 0.161398
1 0.254597 0.766570 0.118098 0.156681
1 0.500553 0.816520 0.113874 0.113458
1 0.392479 0.574834 0.096397 0.143289
1 0.289008 0.091160 0.121418 0.168956
1 0.400133 0.726265 0.123207 0.169393
1 0.400382 0.727596 0.122997 0.171084
1 0.541326 0.529869 0.077451 0.142179
1 0.742116 0.154545 0.093630 0.168757
1 0.186537 0.490802 0.110094 0.162201
1 0.244743 0.254180 0.083812 0.137383
1 0.353491 0.815159 0.088648 0.076804
1 0.112562 0.077994 0.106718 0.150873
1 0.843483 0.518187 0.078929 0.113916
1 0.147429 0.230184 0.117619 0.152868
1 0.773270 0.769618 0.093023 0.162473
1 0.196100 0.126665 0.085998 0.146620
1 0.843323 0.518313 0.078593 0.114162
1 0.466199 0.257249 0.108638 0.138572
1 0.500465 0.816872 0.114248 0.113522
1 0.701731 0.652480 0.092796 0.161371
1 0.297204 0.469214 0.112173 0.157387
1 0.773220 0.769350 0.093273 0.162525
1 0.373368 0.101995 0.065544 0.120834
1 0.293813 0.622544 0.116029 0.158485
1 0.353602 0.816467 0.088024 0.075031
1 0.751029 0.520880 0.106884 0.167215
1 0.288412 0.091112 0.120008 0.168494
1 0.701582 0.652451 0.093412 0.160833
