1 0.600872 0.565471 0.253318 0.331268
1 0.423450 0.478066 0.128166 0.177620
1 0.499582 0.491644 0.998098 0.981790
1 0.607077 0.238232 0.119259 0.161311
1 0.831779 0.749243 0.266714 0.339354
1 0.201394 0.675819 0.168117 0.259973
1 0.562453 0.852585 0.246701 0.269285
1 0.387524 0.692597 0.206418 0.266526
1 0.239116 0.219782 0.104634 0.150803
1 0.305320 0.506463 0.110981 0.194453
1 0.795292 0.514329 0.168304 0.183840
1 0.308738 0.172046 0.111854 0.162799
1 0.390587 0.134450 0.079209 0.125177
1 0.566003 0.359304 0.118981 0.124371
1 0.435203 0.331471 0.479929 0.598646
1 0.439446 0.072922 0.096320 0.073377
1 0.718567 0.336242 0.213822 0.229215
1 0.719047 0.336255 0.212028 0.229507
1 0.718340 0.364342 0.198435 0.173433
1 0.126029 0.227729 0.154335 0.193589
