1 0.541189 0.506822 0.917622 0.916882
1 0.540897 0.503642 0.918207 0.922319
1 0.412923 0.530846 0.146132 0.108117
1 0.339498 0.425958 0.101008 0.070456
1 0.421367 0.452084 0.140065 0.081809
1 0.383580 0.340796 0.179168 0.139684
1 0.557573 0.133521 0.111084 0.073311
1 0.569500 0.486353 0.187440 0.103354
1 0.371367 0.651830 0.231743 0.161647
1 0.943731 0.684857 0.110139 0.147808
1 0.224330 0.312234 0.139181 0.085708
1 0.550486 0.739297 0.205752 0.168809
1 0.596243 0.090654 0.101346 0.075762
1 0.912210 0.208730 0.121495 0.073077
1 0.803272 0.645063 0.216519 0.128168
1 0.249402 0.488184 0.224290 0.136267
1 0.710062 0.428738 0.193515 0.113146
