1 0.901049 0.944286 0.197903 0.111428
1 0.353871 0.093122 0.194214 0.184423
1 0.156158 0.285928 0.312317 0.570319
1 0.671829 0.124056 0.173005 0.247464
1 0.156101 0.287024 0.312203 0.571380
1 0.421411 0.277292 0.228292 0.224253
1 0.836821 0.242188 0.180104 0.206260
1 0.329412 0.558775 0.164340 0.196264
1 0.514200 0.099911 0.154068 0.187841
1 0.422047 0.277458 0.227238 0.225270
1 0.516507 0.098765 0.146677 0.183366
1 0.165747 0.757007 0.249595 0.394614
1 0.666776 0.861932 0.272788 0.276135
1 0.328840 0.558501 0.163627 0.194522
1 0.764077 0.617728 0.110777 0.136145
1 0.443228 0.921203 0.180063 0.157593
1 0.302552 0.898941 0.129145 0.200075
1 0.353690 0.724537 0.136045 0.230441
1 0.801822 0.442171 0.145338 0.214653
1 0.690607 0.346938 0.177145 0.193347
1 0.946113 0.511174 0.106590 0.207189
1 0.961827 0.275568 0.076346 0.218837
1 0.370435 0.364956 0.141849 0.238302
1 0.370802 0.367128 0.141328 0.233722
1 0.443201 0.921169 0.180951 0.157661
1 0.025647 0.655097 0.051295 0.233455
1 0.945917 0.510540 0.108091 0.207949
1 0.681313 0.486765 0.134884 0.237561
1 0.835994 0.242171 0.180269 0.205620
1 0.589929 0.299145 0.107720 0.190342
1 0.884915 0.628578 0.129253 0.187457
1 0.801848 0.442644 0.146004 0.215143
1 0.961753 0.275461 0.076493 0.218193
1 0.713658 0.712430 0.113167 0.105436
1 0.487845 0.812902 0.113523 0.179711
1 0.957998 0.821980 0.084004 0.217177
1 0.958092 0.820985 0.083774 0.215983
1 0.849475 0.183809 0.142238 0.088477
1 0.488160 0.814099 0.114828 0.179146
1 0.838111 0.789809 0.172163 0.240613
1 0.370294 0.365716 0.139725 0.234553
1 0.681143 0.486897 0.135185 0.236447
1 0.553244 0.580533 0.285049 0.453368
