1 0.341727 0.226397 0.123166 0.142485
1 0.493833 0.431958 0.136860 0.181247
1 0.494036 0.432283 0.136883 0.180785
1 0.222489 0.247965 0.118490 0.146087
1 0.338761 0.421471 0.148356 0.195022
1 0.834910 0.261887 0.116264 0.145678
1 0.099282 0.537769 0.109229 0.160175
1 0.812464 0.602792 0.143259 0.189876
1 0.127831 0.333925 0.103840 0.159572
1 0.834837 0.262131 0.115509 0.146232
1 0.656866 0.343577 0.119114 0.162758
1 0.813666 0.602239 0.140598 0.189258
1 0.193524 0.613120 0.132799 0.171689
1 0.466512 0.924078 0.136863 0.150713
1 0.657252 0.343181 0.120707 0.161679
1 0.127905 0.333744 0.104504 0.159790
1 0.793537 0.398202 0.101834 0.139292
1 0.720681 0.235248 0.126954 0.162273
1 0.394534 0.588724 0.136732 0.180408
1 0.312525 0.766745 0.147264 0.172898
1 0.755806 0.769913 0.125767 0.172713
1 0.579568 0.611644 0.138961 0.187407
1 0.341656 0.225659 0.123833 0.142452
1 0.691317 0.540679 0.133485 0.172263
1 0.394618 0.588461 0.137053 0.179958
1 0.718531 0.466514 0.119263 0.117884
1 0.384889 0.039525 0.120322 0.079002
1 0.500400 0.498766 0.999199 0.997532
1 0.216943 0.380800 0.114393 0.155338
1 0.683900 0.671601 0.108700 0.122504
1 0.449528 0.114739 0.091957 0.150189
1 0.306246 0.080971 0.120621 0.158714
1 0.099243 0.537680 0.108799 0.159847
1 0.303726 0.324645 0.079335 0.080545
1 0.216960 0.380543 0.114128 0.154758
1 0.469301 0.734438 0.136755 0.198384
1 0.552551 0.835578 0.098989 0.151342
1 0.466484 0.924142 0.137241 0.150818
1 0.170281 0.469601 0.102832 0.122175
1 0.645868 0.024654 0.102344 0.049283
1 0.299724 0.601418 0.077328 0.151856
1 0.755897 0.770563 0.125430 0.172978
1 0.638622 0.792001 0.101307 0.151787
1 0.741651 0.055452 0.092841 0.110852
1 0.741929 0.055374 0.092059 0.110679
1 0.774948 0.158863 0.110907 0.113939
1 0.262810 0.498285 0.077437 0.098258
1 0.338999 0.422180 0.148677 0.195376
1 0.469539 0.734361 0.136805 0.198098
1 0.517663 0.166642 0.110733 0.160345
1 0.645729 0.024474 0.103592 0.048947
1 0.638425 0.791797 0.101253 0.151027
1 0.634688 0.130074 0.121984 0.175723
1 0.504519 0.030501 0.098228 0.060993
1 0.517538 0.166618 0.110297 0.160517
1 0.388106 0.708184 0.042875 0.072269
1 0.603554 0.240938 0.099551 0.082782
1 0.735546 0.349034 0.056668 0.095585
1 0.602849 0.240365 0.099261 0.082671
