1 0.968419 0.348801 0.063162 0.390515
1 0.479381 0.179568 0.333130 0.357684
1 0.742722 0.505414 0.194234 0.800051
1 0.917206 0.133822 0.165588 0.265881
1 0.102583 0.412965 0.205166 0.548631
1 0.380762 0.435078 0.192776 0.331043
1 0.722365 0.074115 0.157558 0.148231
1 0.650196 0.345395 0.121515 0.226794
1 0.516394 0.795767 0.363703 0.408466
1 0.823697 0.608929 0.232061 0.782142
1 0.926379 0.775074 0.147242 0.449852
1 0.249882 0.184044 0.202581 0.363933
1 0.380843 0.435659 0.191966 0.330064
1 0.573851 0.622953 0.171625 0.314168
1 0.574193 0.450865 0.150282 0.156736
1 0.151575 0.066582 0.091656 0.133164
1 0.514969 0.795727 0.361588 0.408546
1 0.019986 0.071611 0.039973 0.142349
1 0.655283 0.171219 0.116096 0.216717
1 0.086229 0.116917 0.106897 0.150065
1 0.027223 0.958866 0.054446 0.082268
1 0.183697 0.945302 0.087586 0.109396
1 0.365692 0.966192 0.087299 0.067616
1 0.499051 0.504362 0.998102 0.991276
1 0.281962 0.895468 0.113806 0.209064
