1 0.102162 0.699463 0.101941 0.180523
1 0.237962 0.812207 0.130826 0.213328
1 0.838183 0.650038 0.140754 0.149339
1 0.926000 0.764427 0.138704 0.198542
1 0.199068 0.646048 0.137004 0.212566
1 0.570772 0.502239 0.142098 0.199927
1 0.863860 0.500633 0.098846 0.163650
1 0.770283 0.838260 0.160515 0.295957
1 0.590278 0.308833 0.136009 0.192747
1 0.331676 0.652507 0.101553 0.132161
1 0.764869 0.549435 0.126997 0.163722
1 0.492719 0.408877 0.083935 0.119318
1 0.505651 0.259578 0.123014 0.184413
1 0.425778 0.909121 0.149418 0.181758
1 0.493056 0.715561 0.132903 0.179451
1 0.081004 0.505518 0.090196 0.103409
1 0.660381 0.463940 0.086494 0.148702
1 0.957754 0.515114 0.084491 0.128697
1 0.369732 0.743904 0.116260 0.180054
1 0.956075 0.613110 0.086397 0.147075
