1 0.806942 0.456340 0.119546 0.167292
1 0.927112 0.555128 0.145775 0.284961
1 0.352597 0.389277 0.159691 0.420286
1 0.352566 0.389267 0.159671 0.419946
1 0.140453 0.527472 0.248204 0.197956
1 0.060786 0.082862 0.121572 0.161085
1 0.544885 0.161792 0.114989 0.143743
1 0.146212 0.689338 0.084780 0.155661
1 0.462099 0.119518 0.099923 0.181900
1 0.544713 0.161973 0.114950 0.144169
1 0.692550 0.484945 0.138536 0.131283
1 0.461912 0.119099 0.099810 0.182863
1 0.624017 0.948380 0.076353 0.103241
1 0.140364 0.348066 0.159920 0.186332
1 0.935243 0.211797 0.128526 0.422157
1 0.956407 0.975104 0.078743 0.049792
1 0.717639 0.970260 0.105074 0.059480
1 0.717234 0.969820 0.105752 0.060359
1 0.345425 0.752690 0.267550 0.382653
