1 0.258288 0.233503 0.299375 0.370979
1 0.239306 0.870656 0.394402 0.258537
1 0.429009 0.372129 0.390593 0.401398
1 0.164340 0.594431 0.227697 0.368733
1 0.689506 0.568649 0.345311 0.350499
1 0.302271 0.690256 0.307922 0.300355
1 0.782665 0.886314 0.384793 0.227372
1 0.504870 0.528814 0.987374 0.941448
1 0.599615 0.803725 0.342571 0.378551
1 0.379226 0.960811 0.262232 0.078378
1 0.844245 0.442344 0.194668 0.271501
1 0.128528 0.368105 0.118765 0.119587
1 0.963023 0.469499 0.073913 0.218908
1 0.962849 0.469593 0.074301 0.219116
1 0.709656 0.314825 0.232254 0.204180
1 0.710342 0.313746 0.230681 0.203179
1 0.893468 0.777984 0.212806 0.429656
1 0.967337 0.426244 0.065327 0.131581
