1 0.506171 0.518712 0.183128 0.961053
1 0.074352 0.356501 0.148705 0.611661
1 0.075277 0.748944 0.150456 0.499198
1 0.943026 0.199689 0.113948 0.399379
1 0.205455 0.383508 0.133018 0.767015
1 0.074308 0.354803 0.148616 0.598684
1 0.295507 0.630264 0.147416 0.588328
1 0.500164 0.499807 0.999672 0.999614
1 0.075667 0.748773 0.150862 0.499763
1 0.792926 0.451346 0.205372 0.639017
1 0.206505 0.385084 0.132047 0.768623
1 0.792133 0.452118 0.205128 0.636668
1 0.137799 0.878083 0.168327 0.243835
1 0.396876 0.391970 0.192486 0.511809
1 0.387773 0.182036 0.257495 0.364071
1 0.137311 0.874608 0.166964 0.248627
1 0.127637 0.329493 0.106937 0.355417
1 0.397847 0.394676 0.192362 0.506018
