1 0.722620 0.497958 0.246484 0.317109
1 0.490625 0.654751 0.122908 0.153246
1 0.593656 0.619934 0.104442 0.162368
1 0.410334 0.439824 0.389200 0.500748
1 0.133662 0.634361 0.109770 0.140520
1 0.231700 0.643944 0.108314 0.129669
1 0.406844 0.435122 0.384060 0.489248
1 0.191644 0.535996 0.101863 0.101853
1 0.231683 0.644325 0.107954 0.128806
1 0.870274 0.605034 0.112785 0.160820
1 0.490673 0.655153 0.123034 0.152553
1 0.509666 0.460264 0.842289 0.545811
1 0.182535 0.596879 0.206456 0.225243
1 0.510753 0.406865 0.176268 0.369493
1 0.508955 0.398433 0.180780 0.383015
1 0.554602 0.455942 0.749861 0.539796
1 0.358242 0.585654 0.219675 0.184086
1 0.389641 0.267663 0.121100 0.154789
1 0.182838 0.597228 0.206362 0.225812
