1 0.217834 0.829177 0.434540 0.339434
1 0.351446 0.358655 0.676197 0.363442
1 0.720009 0.787209 0.558719 0.411672
1 0.720335 0.789652 0.557905 0.410650
1 0.382150 0.670778 0.509473 0.098320
1 0.458938 0.826513 0.530793 0.244506
1 0.457015 0.826653 0.531395 0.246356
1 0.722717 0.276109 0.270147 0.147115
1 0.824165 0.397734 0.312302 0.205020
1 0.630974 0.538697 0.736187 0.130428
1 0.500917 0.499445 0.998165 0.996476
1 0.824137 0.398034 0.313696 0.204707
1 0.723818 0.277153 0.269270 0.148790
1 0.503305 0.127864 0.993389 0.255729
