1 0.880795 0.112878 0.238410 0.225755
1 0.951391 0.340825 0.097218 0.406989
1 0.636050 0.107015 0.262771 0.214031
1 0.786905 0.387047 0.274805 0.475857
1 0.527764 0.411664 0.244272 0.443191
1 0.087747 0.442573 0.175495 0.424684
1 0.153853 0.142493 0.257418 0.284985
1 0.392420 0.135426 0.239372 0.270851
1 0.283205 0.438772 0.245637 0.436352
1 0.673459 0.770149 0.245040 0.437458
1 0.895663 0.750799 0.208672 0.429022
1 0.043327 0.786874 0.086655 0.302912
1 0.186711 0.787105 0.258389 0.424933
1 0.431211 0.756938 0.233701 0.422047
1 0.814514 0.940333 0.225265 0.119334
1 0.030342 0.149314 0.060684 0.296303
1 0.070204 0.947646 0.140408 0.104708
1 0.030361 0.148245 0.060722 0.294889
1 0.347525 0.948642 0.136144 0.102717
1 0.542651 0.931730 0.162703 0.136540
1 0.259180 0.970598 0.045847 0.058803
1 0.500095 0.500000 0.999810 1.000000
1 0.347199 0.948954 0.135540 0.102092
