1 0.329852 0.848399 0.186044 0.303202
1 0.864632 0.638319 0.201264 0.437796
1 0.214559 0.400662 0.148669 0.343535
1 0.214472 0.400389 0.148790 0.343492
1 0.740434 0.333147 0.156794 0.339176
1 0.551574 0.334825 0.216389 0.445657
1 0.099339 0.177049 0.198678 0.354097
1 0.140424 0.255828 0.280408 0.511656
1 0.362662 0.523959 0.179259 0.363241
1 0.363058 0.524160 0.179060 0.362259
1 0.494115 0.718690 0.146212 0.314509
1 0.644448 0.756192 0.186828 0.426498
1 0.494570 0.720596 0.146808 0.315874
1 0.531870 0.945754 0.168633 0.108492
1 0.573309 0.541173 0.801297 0.917654
