1 0.075021 0.116597 0.149705 0.184234
1 0.060277 0.771752 0.120554 0.225023
1 0.405612 0.393422 0.154588 0.187557
1 0.437923 0.094882 0.163870 0.182487
1 0.738993 0.721384 0.178545 0.180957
1 0.718417 0.369933 0.175253 0.203506
1 0.919345 0.099007 0.158761 0.189335
1 0.899154 0.437687 0.175402 0.207140
1 0.773063 0.540305 0.188555 0.202567
1 0.202868 0.784941 0.164443 0.198457
1 0.051290 0.577573 0.102581 0.173152
1 0.009788 0.265164 0.019577 0.121511
1 0.336529 0.698460 0.158287 0.144881
1 0.371126 0.237446 0.136355 0.152217
1 0.009704 0.265855 0.019298 0.118268
1 0.041175 0.412968 0.082349 0.179455
1 0.051329 0.577656 0.102657 0.171618
1 0.405154 0.393412 0.155351 0.188942
1 0.293884 0.116761 0.119116 0.153603
1 0.485019 0.557387 0.157631 0.214127
1 0.975629 0.551060 0.048742 0.134329
1 0.798960 0.860975 0.154147 0.120629
1 0.989072 0.725729 0.021856 0.148267
1 0.637838 0.848929 0.156045 0.142068
1 0.356205 0.573855 0.156935 0.186810
1 0.636689 0.514212 0.103807 0.126722
1 0.597268 0.089215 0.149639 0.165102
1 0.911637 0.786342 0.157862 0.175869
1 0.147810 0.466083 0.150287 0.175875
1 0.910559 0.785823 0.156248 0.176192
1 0.368666 0.014390 0.072811 0.028430
1 0.296505 0.522022 0.151430 0.192208
1 0.074091 0.290424 0.118263 0.145304
1 0.296641 0.521320 0.152107 0.192994
1 0.917271 0.631562 0.151498 0.163746
1 0.258974 0.361355 0.145347 0.171018
1 0.950551 0.258962 0.098899 0.181628
1 0.917222 0.631712 0.152136 0.163583
1 0.516566 0.241781 0.157816 0.188797
1 0.559441 0.403262 0.150346 0.176317
1 0.992844 0.398663 0.014312 0.130074
