1 0.651018 0.615388 0.616784 0.319285
1 0.652909 0.614163 0.610851 0.317733
1 0.225418 0.713307 0.146895 0.238354
1 0.673249 0.381744 0.343273 0.240197
1 0.472241 0.330000 0.313779 0.359099
1 0.470931 0.329913 0.314612 0.357439
1 0.471878 0.329697 0.314841 0.359615
1 0.154593 0.518687 0.259801 0.406100
1 0.155679 0.518882 0.262359 0.408319
1 0.497902 0.485943 0.949072 0.697297
1 0.369897 0.432882 0.177349 0.226799
1 0.371093 0.426722 0.180080 0.241192
1 0.370864 0.434544 0.176726 0.230048
1 0.344294 0.720173 0.118931 0.204217
1 0.343945 0.720409 0.118915 0.203276
