1 0.463958 0.585953 0.893389 0.828095
1 0.832819 0.491103 0.133353 0.162812
1 0.857787 0.650805 0.103275 0.188531
1 0.832803 0.490626 0.133347 0.163438
1 0.393458 0.207620 0.093353 0.133042
1 0.753717 0.417862 0.065032 0.126515
1 0.104452 0.536898 0.142889 0.202664
1 0.672092 0.411603 0.122170 0.178200
1 0.573251 0.326342 0.055813 0.098014
1 0.477329 0.235492 0.082073 0.080010
1 0.797201 0.811558 0.139477 0.160246
1 0.749668 0.633614 0.131483 0.206436
1 0.415260 0.283331 0.084449 0.087809
1 0.564092 0.445364 0.102149 0.148757
1 0.349891 0.314811 0.049053 0.108043
1 0.787198 0.931379 0.127719 0.137242
1 0.539151 0.961432 0.143025 0.077136
1 0.507462 0.318062 0.099584 0.156593
1 0.200631 0.442033 0.096482 0.139951
1 0.671687 0.753590 0.154397 0.235318
1 0.407099 0.711898 0.141133 0.167958
1 0.301531 0.434206 0.108078 0.160244
1 0.626461 0.564474 0.108341 0.178673
1 0.279385 0.314209 0.108233 0.159855
1 0.548218 0.690232 0.128888 0.184900
1 0.787121 0.931595 0.127612 0.136811
1 0.267087 0.772854 0.153794 0.219613
1 0.730255 0.552880 0.104004 0.141089
1 0.647544 0.921893 0.152180 0.156213
1 0.414919 0.407826 0.131059 0.202802
1 0.647899 0.922476 0.152969 0.155047
1 0.544083 0.543858 0.053479 0.112919
1 0.254084 0.534737 0.144848 0.203488
