1 0.609900 0.680998 0.385615 0.494259
1 0.725901 0.088761 0.179897 0.165577
1 0.551952 0.249925 0.110280 0.107486
1 0.758842 0.226412 0.093188 0.165192
1 0.801424 0.436990 0.342676 0.272638
1 0.801783 0.436775 0.344355 0.272291
1 0.295505 0.403593 0.415695 0.272694
1 0.607344 0.150518 0.136045 0.115552
1 0.366115 0.205624 0.102310 0.128343
1 0.193917 0.279768 0.131411 0.125144
1 0.682769 0.248806 0.143503 0.182427
1 0.276787 0.826810 0.336867 0.345399
1 0.447749 0.114569 0.090295 0.088116
1 0.298847 0.401524 0.412488 0.270109
1 0.562456 0.369672 0.139114 0.181404
1 0.870108 0.218105 0.173597 0.229775
1 0.139161 0.574589 0.223145 0.323703
1 0.544218 0.083045 0.111158 0.079959
1 0.529827 0.961491 0.212794 0.077019
1 0.901415 0.637469 0.196917 0.233845
1 0.475422 0.202471 0.129499 0.179920
1 0.068134 0.811579 0.136243 0.369307
1 0.544096 0.082941 0.109387 0.079337
1 0.347503 0.543644 0.193201 0.260475
1 0.139712 0.574708 0.220750 0.324388
1 0.862634 0.853297 0.274613 0.293306
1 0.497376 0.511247 0.994752 0.975606
1 0.363767 0.132860 0.082467 0.069206
1 0.548052 0.138555 0.039167 0.047538
1 0.546606 0.139068 0.037399 0.046669
1 0.503282 0.155004 0.072161 0.084112
