1 0.947976 0.302412 0.104049 0.601314
1 0.404720 0.339613 0.129440 0.229820
1 0.048591 0.134931 0.097182 0.267991
1 0.199843 0.457313 0.122026 0.223412
1 0.463435 0.050860 0.151085 0.101158
1 0.227154 0.860256 0.143255 0.214627
1 0.890566 0.299169 0.218868 0.597224
1 0.344114 0.535873 0.114980 0.209067
1 0.914582 0.420601 0.119402 0.216315
1 0.026855 0.397905 0.053591 0.423338
1 0.846150 0.256884 0.120914 0.195176
1 0.798571 0.450612 0.132426 0.230058
1 0.026676 0.402646 0.053352 0.449699
1 0.632811 0.078848 0.121973 0.156080
1 0.255629 0.655903 0.143598 0.235031
1 0.914312 0.420550 0.119419 0.216510
1 0.499436 0.505143 0.998873 0.989715
1 0.094296 0.414548 0.100490 0.222759
1 0.325080 0.140406 0.205865 0.279378
1 0.117827 0.625892 0.143191 0.216614
1 0.112038 0.785724 0.113651 0.181921
1 0.027079 0.403895 0.054158 0.451839
1 0.852153 0.035785 0.145273 0.069773
1 0.379920 0.825877 0.148974 0.254808
1 0.526370 0.217824 0.186184 0.278422
1 0.016360 0.685666 0.032719 0.148964
1 0.925728 0.654273 0.148544 0.282717
1 0.325167 0.140205 0.204773 0.279535
1 0.106626 0.925860 0.191332 0.148281
1 0.450382 0.951885 0.110655 0.096230
1 0.094286 0.926099 0.165485 0.147801
1 0.016448 0.687415 0.032896 0.155201
