1 0.613560 0.771974 0.633350 0.373664
1 0.616145 0.772300 0.633636 0.373513
1 0.297077 0.644836 0.482985 0.396843
1 0.860189 0.473905 0.279187 0.399323
1 0.860177 0.474320 0.279646 0.399620
1 0.591241 0.399017 0.266387 0.398495
1 0.139484 0.845564 0.278969 0.217632
1 0.328311 0.162256 0.348415 0.214482
1 0.679328 0.175358 0.359756 0.325638
1 0.679029 0.175550 0.360246 0.326373
1 0.070312 0.526483 0.140624 0.444858
1 0.500280 0.504303 0.999211 0.981791
1 0.131708 0.338768 0.263417 0.274051
1 0.139460 0.846364 0.278919 0.215698
1 0.365249 0.274756 0.205524 0.273661
1 0.130502 0.271993 0.261004 0.137908
