1 0.555986 0.586432 0.519249 0.668593
1 0.555635 0.593507 0.520245 0.679803
1 0.529171 0.930737 0.367495 0.138526
1 0.174545 0.679861 0.348964 0.527373
1 0.135063 0.128233 0.206183 0.254536
1 0.365070 0.184987 0.294706 0.369975
1 0.171630 0.353015 0.265746 0.265554
1 0.050173 0.246008 0.100347 0.424429
1 0.889333 0.932726 0.221078 0.134548
1 0.713209 0.290051 0.424657 0.471269
1 0.840888 0.743870 0.275982 0.413737
1 0.712878 0.291937 0.424015 0.472808
1 0.577390 0.046855 0.271852 0.093709
1 0.238947 0.034411 0.230455 0.068794
1 0.026747 0.127886 0.053491 0.184729
1 0.435280 0.930785 0.180239 0.138430
