1 0.241697 0.549989 0.431041 0.356226
1 0.125301 0.889367 0.250473 0.221237
1 0.196948 0.078799 0.330451 0.157598
1 0.519976 0.961800 0.420241 0.076401
1 0.227547 0.825012 0.368930 0.246756
1 0.221610 0.337725 0.336292 0.165082
1 0.924714 0.086946 0.150573 0.173892
1 0.067874 0.175229 0.135748 0.225555
1 0.045865 0.352327 0.091724 0.304670
1 0.503122 0.895960 0.334415 0.159721
1 0.863173 0.923758 0.270098 0.152484
1 0.541872 0.470606 0.292462 0.223699
1 0.568855 0.711209 0.338373 0.264093
1 0.866790 0.620918 0.264238 0.237366
1 0.572255 0.287606 0.286083 0.205467
1 0.759872 0.097532 0.213043 0.194815
1 0.527330 0.117706 0.274226 0.183931
1 0.499809 0.498046 0.999617 0.995330
1 0.282233 0.215007 0.262198 0.194325
1 0.794538 0.237544 0.201565 0.128972
1 0.787424 0.394892 0.232596 0.204639
1 0.920775 0.780808 0.157452 0.166489
1 0.643398 0.024093 0.256440 0.048119
1 0.736558 0.779598 0.204106 0.207894
1 0.018877 0.670744 0.037574 0.291196
1 0.411329 0.046372 0.220222 0.092744
1 0.931325 0.384407 0.135974 0.164332
1 0.674474 0.540614 0.149225 0.155618
1 0.268533 0.985751 0.075807 0.028497
1 0.921174 0.780191 0.157087 0.163681
1 0.637692 0.024571 0.241010 0.049108
1 0.972833 0.480526 0.053412 0.138201
1 0.676098 0.540618 0.145697 0.156297
