1 0.932748 0.748111 0.134504 0.503778
1 0.126046 0.754715 0.219115 0.360278
1 0.464905 0.259688 0.215075 0.424905
1 0.775560 0.558645 0.214529 0.324424
1 0.331441 0.787975 0.249081 0.368802
1 0.764141 0.853038 0.231029 0.293923
1 0.932498 0.748888 0.135004 0.502224
1 0.290541 0.470659 0.356128 0.277902
1 0.171140 0.120449 0.241046 0.238809
1 0.673016 0.274779 0.259214 0.434888
1 0.541405 0.833503 0.214691 0.332993
1 0.290274 0.470220 0.356901 0.279406
1 0.540438 0.573763 0.199924 0.262602
1 0.539912 0.573836 0.201723 0.263637
1 0.061960 0.582587 0.123861 0.292646
1 0.541657 0.832758 0.214247 0.334484
1 0.061847 0.581394 0.123644 0.289973
1 0.121593 0.300979 0.242809 0.269734
1 0.877453 0.386152 0.245094 0.270091
