1 0.500126 0.467161 0.176939 0.240699
1 0.238016 0.437477 0.170908 0.241638
1 0.623095 0.100584 0.168402 0.199412
1 0.387269 0.101095 0.151971 0.199028
1 0.692092 0.353539 0.227668 0.350493
1 0.386764 0.100349 0.152312 0.199530
1 0.348633 0.415200 0.201852 0.562847
1 0.956396 0.669299 0.087208 0.357836
1 0.043409 0.068470 0.086467 0.132693
1 0.961100 0.078926 0.075920 0.112355
1 0.635417 0.802002 0.410843 0.390378
1 0.636164 0.802969 0.410507 0.389396
1 0.694053 0.355039 0.223834 0.346826
1 0.499643 0.469452 0.175745 0.242827
1 0.552038 0.624402 0.217835 0.297563
1 0.261107 0.143356 0.115006 0.185483
1 0.624132 0.103464 0.165842 0.204271
1 0.185101 0.319771 0.063508 0.111125
1 0.557323 0.623864 0.233363 0.300189
1 0.387164 0.099905 0.152631 0.199180
1 0.798214 0.109320 0.176093 0.215337
1 0.497108 0.054368 0.095934 0.105835
