1 0.865507 0.416050 0.268981 0.493281
1 0.162498 0.561234 0.318032 0.433478
1 0.483340 0.362161 0.317093 0.509459
1 0.658684 0.586120 0.247784 0.388433
1 0.435328 0.710892 0.238035 0.292971
1 0.923890 0.788779 0.152220 0.399217
1 0.773023 0.852807 0.320087 0.294387
1 0.304999 0.859579 0.338142 0.280842
1 0.231799 0.195586 0.272864 0.381363
1 0.043624 0.353456 0.087248 0.263953
1 0.573173 0.960648 0.208850 0.078704
1 0.499823 0.501829 0.999647 0.993563
1 0.666070 0.254314 0.160022 0.306391
1 0.430352 0.128024 0.133423 0.151604
