1 0.331786 0.661248 0.397489 0.673411
1 0.945120 0.743132 0.109760 0.275605
1 0.945018 0.742548 0.109963 0.275377
1 0.901558 0.916400 0.195288 0.167199
1 0.792581 0.735225 0.183294 0.245391
1 0.901582 0.916410 0.195044 0.167181
1 0.895461 0.520035 0.157583 0.233795
1 0.692071 0.165443 0.135419 0.178618
1 0.726133 0.915318 0.176468 0.169364
1 0.608548 0.581436 0.136932 0.234813
1 0.099084 0.353905 0.124573 0.159945
1 0.725940 0.915578 0.176186 0.168843
1 0.499534 0.500441 0.998934 0.999118
1 0.488417 0.930159 0.120814 0.139682
1 0.411794 0.180010 0.123333 0.186883
1 0.548226 0.391671 0.089112 0.147847
