1 0.661564 0.286419 0.357360 0.344289
1 0.731563 0.696336 0.536874 0.605146
1 0.506597 0.134973 0.375005 0.269946
1 0.499807 0.502850 0.999250 0.994301
1 0.136941 0.937889 0.273882 0.124219
1 0.327786 0.266637 0.374419 0.294291
1 0.735345 0.661997 0.529311 0.532727
1 0.377836 0.843037 0.308082 0.300208
1 0.900871 0.235011 0.198257 0.466451
1 0.378061 0.843290 0.307415 0.299995
1 0.235797 0.513768 0.258890 0.200363
1 0.682973 0.154431 0.145828 0.086441
1 0.314822 0.675031 0.293313 0.185605
1 0.326518 0.268845 0.387920 0.302251
1 0.136752 0.938060 0.273241 0.123880
