1 0.205651 0.271858 0.152975 0.124940
1 0.445443 0.117991 0.170786 0.121116
1 0.848107 0.143871 0.157788 0.128571
1 0.399515 0.666384 0.288125 0.212538
1 0.766309 0.888576 0.412313 0.222849
1 0.399414 0.666318 0.288138 0.212363
1 0.922492 0.834642 0.155017 0.252335
1 0.405821 0.483042 0.208497 0.166034
1 0.314148 0.199924 0.198459 0.150440
1 0.922588 0.834913 0.154824 0.254497
1 0.720175 0.694570 0.315897 0.203492
1 0.476836 0.858140 0.291462 0.250455
1 0.476608 0.857543 0.290615 0.251010
1 0.858680 0.245354 0.073641 0.061737
1 0.489601 0.262426 0.180502 0.110536
1 0.842742 0.588085 0.225400 0.197450
1 0.617492 0.264131 0.089045 0.057198
1 0.500217 0.516301 0.999567 0.962610
1 0.476370 0.857746 0.291330 0.250282
1 0.599635 0.526492 0.269508 0.194388
1 0.486604 0.207027 0.147692 0.074553
1 0.405828 0.483202 0.208596 0.164561
1 0.406005 0.482952 0.208855 0.164778
1 0.691125 0.445388 0.182813 0.105095
1 0.238797 0.842003 0.477359 0.315771
1 0.975039 0.073819 0.048765 0.098038
1 0.445539 0.117865 0.170407 0.121663
1 0.973785 0.074230 0.050112 0.098368
1 0.759830 0.177596 0.147579 0.097781
1 0.942233 0.420566 0.115377 0.161240
1 0.609052 0.154392 0.180310 0.145733
1 0.703645 0.090808 0.129423 0.091738
1 0.523058 0.354674 0.226037 0.169517
1 0.661312 0.345741 0.105654 0.105043
1 0.801881 0.398126 0.203659 0.150172
1 0.691313 0.445265 0.183599 0.105239
