1 0.245972 0.536793 0.281751 0.348258
1 0.507487 0.922044 0.296274 0.155397
1 0.520308 0.651567 0.304328 0.440248
1 0.797680 0.409431 0.318773 0.357057
1 0.656547 0.181137 0.300859 0.362166
1 0.112674 0.307730 0.225348 0.401199
1 0.283523 0.132709 0.251053 0.265419
1 0.455254 0.333524 0.250145 0.329335
1 0.896132 0.166105 0.207736 0.332211
1 0.038586 0.088517 0.077171 0.176803
1 0.499484 0.499240 0.998957 0.998292
1 0.457600 0.067184 0.159510 0.134356
1 0.224694 0.825444 0.298026 0.300763
1 0.527721 0.068169 0.325126 0.136338
1 0.626414 0.487799 0.112500 0.229457
1 0.086996 0.063933 0.171943 0.127799
