1 0.777155 0.206272 0.174177 0.240638
1 0.103199 0.468070 0.201509 0.318686
1 0.351523 0.353349 0.203788 0.272739
1 0.212997 0.255662 0.193853 0.282209
1 0.400759 0.162710 0.164588 0.225638
1 0.810249 0.394618 0.164292 0.187392
1 0.281109 0.544687 0.230801 0.333085
1 0.376155 0.781794 0.210589 0.348355
1 0.376958 0.782249 0.208990 0.349895
1 0.549163 0.260789 0.187482 0.212606
1 0.542769 0.504253 0.218204 0.172694
1 0.548383 0.260930 0.185796 0.214430
1 0.541536 0.505156 0.214843 0.176101
1 0.346869 0.788449 0.269790 0.361439
1 0.589831 0.405422 0.195675 0.159749
1 0.519566 0.637675 0.224395 0.196100
1 0.625743 0.180297 0.165113 0.180342
1 0.763183 0.424145 0.157674 0.156621
1 0.587256 0.033630 0.126166 0.064552
1 0.625145 0.176676 0.163943 0.173059
1 0.674905 0.829183 0.280835 0.331453
1 0.374113 0.783749 0.215362 0.351805
