1 0.505268 0.502741 0.805223 0.994519
1 0.476174 0.938771 0.125609 0.122458
1 0.231314 0.216667 0.124979 0.174939
1 0.249491 0.815237 0.128808 0.170207
1 0.501995 0.232410 0.103777 0.136662
1 0.653105 0.345541 0.118743 0.153808
1 0.717029 0.898434 0.131020 0.203133
1 0.465451 0.603916 0.117156 0.169413
1 0.307370 0.148963 0.109242 0.157470
1 0.603422 0.926078 0.131236 0.147845
1 0.431488 0.328653 0.106035 0.152260
1 0.794520 0.803916 0.134067 0.212633
1 0.650392 0.796323 0.101947 0.135323
1 0.476884 0.118872 0.097338 0.125162
1 0.465593 0.604075 0.117784 0.169611
1 0.767479 0.160516 0.108862 0.132851
1 0.376969 0.871871 0.138199 0.217795
1 0.299619 0.702353 0.136038 0.209602
1 0.503544 0.500000 0.991423 1.000000
1 0.307142 0.148982 0.109626 0.157637
1 0.457793 0.036464 0.069872 0.072611
1 0.658889 0.184779 0.101472 0.146135
1 0.344862 0.419460 0.114310 0.154552
1 0.603593 0.925739 0.131347 0.148522
1 0.570112 0.704729 0.131396 0.211911
1 0.466798 0.840021 0.050439 0.112794
1 0.344640 0.419505 0.114280 0.154192
1 0.158780 0.480610 0.105455 0.162187
1 0.619150 0.060034 0.087222 0.119357
1 0.548912 0.531470 0.115564 0.161214
1 0.549038 0.531420 0.116273 0.161628
1 0.535310 0.047498 0.085560 0.094615
1 0.432754 0.715734 0.139015 0.181477
1 0.841977 0.521932 0.108212 0.151618
1 0.719420 0.277299 0.109827 0.140365
1 0.364830 0.561300 0.118865 0.166703
1 0.738911 0.697670 0.081248 0.140928
1 0.364618 0.561277 0.118600 0.166798
1 0.251722 0.537771 0.125862 0.171967
1 0.853478 0.388762 0.097235 0.147632
1 0.571903 0.148055 0.096711 0.140397
1 0.601301 0.258708 0.097588 0.122877
1 0.836819 0.670347 0.118844 0.171254
1 0.240320 0.378750 0.123297 0.158648
1 0.333835 0.287698 0.109474 0.137439
1 0.333884 0.287706 0.109154 0.137978
