1 0.525913 0.178769 0.125199 0.088028
1 0.365562 0.578614 0.100657 0.223035
1 0.400018 0.763694 0.136049 0.203299
1 0.080489 0.261909 0.070546 0.087456
1 0.884275 0.370424 0.143593 0.191918
1 0.617489 0.544431 0.194197 0.288610
1 0.951364 0.088323 0.097271 0.176647
1 0.634743 0.321727 0.123437 0.258607
1 0.801747 0.146005 0.134933 0.225775
1 0.803990 0.325898 0.085027 0.113995
1 0.970556 0.522119 0.058889 0.240336
1 0.691156 0.726653 0.150989 0.226644
1 0.539543 0.873057 0.192775 0.253887
1 0.831044 0.050413 0.147368 0.099221
1 0.248149 0.786785 0.180602 0.287096
1 0.970436 0.527479 0.059128 0.251452
1 0.937148 0.729401 0.125704 0.257112
1 0.701413 0.919786 0.144318 0.160428
1 0.617617 0.544407 0.194190 0.288156
1 0.204859 0.356110 0.057365 0.119910
1 0.951327 0.328886 0.097346 0.209508
1 0.099214 0.845925 0.131850 0.155451
1 0.335011 0.885364 0.207959 0.229272
1 0.951805 0.122055 0.096391 0.240825
1 0.700921 0.229406 0.128881 0.181703
1 0.079885 0.261949 0.070758 0.087474
1 0.853006 0.927304 0.182819 0.145392
1 0.452477 0.100221 0.117664 0.197408
1 0.318122 0.326857 0.179178 0.288584
1 0.742638 0.429856 0.132153 0.224799
1 0.085451 0.934791 0.169960 0.130418
1 0.903572 0.184343 0.122847 0.186678
1 0.671388 0.075791 0.155124 0.147965
1 0.512877 0.333695 0.196259 0.331855
1 0.317854 0.326193 0.178133 0.288811
1 0.852396 0.927387 0.183464 0.145225
1 0.951276 0.088225 0.097448 0.175664
1 0.403950 0.453909 0.067793 0.097358
1 0.983632 0.534057 0.032736 0.208240
1 0.959958 0.922592 0.080084 0.154816
1 0.120767 0.413575 0.167332 0.284655
1 0.335094 0.885343 0.209357 0.229313
1 0.895794 0.784877 0.150478 0.221258
