1 0.490914 0.704924 0.122262 0.161095
1 0.870356 0.652163 0.107584 0.165411
1 0.723111 0.540485 0.245609 0.339859
1 0.193771 0.580550 0.097702 0.105214
1 0.592452 0.667750 0.106096 0.170688
1 0.407834 0.471893 0.381392 0.524272
1 0.134993 0.684811 0.106028 0.151890
1 0.409342 0.473561 0.385080 0.530148
1 0.230587 0.694131 0.108014 0.139476
1 0.393496 0.294636 0.127025 0.170115
1 0.592304 0.668027 0.106456 0.170083
1 0.506777 0.440939 0.181577 0.397534
1 0.490911 0.341498 0.152411 0.183564
1 0.507202 0.442634 0.180901 0.394388
1 0.562735 0.493670 0.725949 0.577282
1 0.388388 0.463937 0.112480 0.188799
1 0.277092 0.455685 0.121353 0.219206
1 0.395147 0.293900 0.128728 0.168298
