1 0.039875 0.503297 0.079750 0.245040
1 0.156310 0.426505 0.200454 0.273891
1 0.194434 0.636379 0.199078 0.362504
1 0.919748 0.479593 0.160504 0.338934
1 0.605380 0.172647 0.182172 0.319170
1 0.294047 0.241918 0.214269 0.334679
1 0.796068 0.305016 0.201299 0.363563
1 0.575439 0.693442 0.211821 0.354529
1 0.027614 0.308836 0.055228 0.221330
1 0.862338 0.856963 0.247039 0.286074
1 0.376750 0.867932 0.219445 0.264137
1 0.754172 0.665464 0.203770 0.352704
1 0.950084 0.102904 0.099617 0.186292
1 0.431379 0.161107 0.124506 0.160504
1 0.965356 0.711846 0.069288 0.386116
1 0.389206 0.604238 0.191634 0.310330
1 0.040448 0.504902 0.080894 0.249605
1 0.331040 0.477831 0.163531 0.226775
1 0.076076 0.808410 0.151928 0.285241
1 0.191016 0.902696 0.173557 0.194608
1 0.565306 0.456069 0.190240 0.246232
1 0.461837 0.338259 0.150192 0.298724
1 0.892106 0.692212 0.089661 0.142760
