1 0.942436 0.977791 0.115101 0.044417
1 0.703010 0.808879 0.265256 0.382243
1 0.724294 0.195669 0.103639 0.119610
1 0.455983 0.783463 0.229741 0.350576
1 0.905100 0.784312 0.189440 0.364122
1 0.360894 0.137303 0.093969 0.081346
1 0.351101 0.665668 0.175743 0.276136
1 0.895041 0.520165 0.208805 0.242365
1 0.820136 0.176345 0.089531 0.094472
1 0.297150 0.125230 0.060218 0.092271
1 0.442535 0.390373 0.088699 0.104921
1 0.749466 0.609203 0.177218 0.166924
1 0.878754 0.381770 0.181975 0.172301
1 0.709891 0.476447 0.158514 0.192195
1 0.070523 0.678156 0.140876 0.171036
1 0.934644 0.155685 0.130642 0.148691
1 0.479541 0.090736 0.060519 0.079632
1 0.929532 0.173695 0.138493 0.187833
1 0.080237 0.917518 0.160474 0.164965
1 0.493830 0.517291 0.158957 0.237820
1 0.726683 0.381219 0.125319 0.116896
1 0.312848 0.938214 0.194833 0.123572
1 0.516749 0.953201 0.202813 0.093598
1 0.709924 0.475586 0.158398 0.192055
1 0.552381 0.402660 0.145241 0.212622
1 0.231389 0.888147 0.202471 0.207892
1 0.797368 0.293369 0.126982 0.141504
1 0.517819 0.953525 0.204117 0.092951
