1 0.711750 0.074185 0.192712 0.148369
1 0.897420 0.116350 0.199312 0.232700
1 0.482362 0.069392 0.194156 0.138784
1 0.760877 0.585444 0.209969 0.311282
1 0.923832 0.375280 0.144352 0.318152
1 0.583093 0.248372 0.202878 0.319026
1 0.062984 0.175444 0.125968 0.321884
1 0.548564 0.561187 0.195560 0.349376
1 0.195354 0.509865 0.162915 0.250671
1 0.886139 0.838935 0.181075 0.322130
1 0.394176 0.239363 0.185760 0.313640
1 0.361920 0.519290 0.176877 0.291829
1 0.539159 0.866789 0.168277 0.262096
1 0.769785 0.270333 0.170007 0.327355
1 0.212772 0.231736 0.183644 0.314894
1 0.712135 0.859725 0.172423 0.280550
1 0.063842 0.463446 0.127684 0.255414
1 0.364346 0.818976 0.176124 0.311005
1 0.071107 0.736326 0.142160 0.288390
1 0.212927 0.952043 0.146857 0.095914
1 0.213282 0.951388 0.146983 0.097224
1 0.298480 0.063826 0.150891 0.127653
1 0.122702 0.045954 0.178465 0.091909
1 0.211628 0.774477 0.152088 0.287781
