1 0.813315 0.402423 0.124631 0.191743
1 0.690229 0.684540 0.105189 0.241344
1 0.226719 0.457753 0.451581 0.869672
1 0.523184 0.850348 0.219787 0.299304
1 0.402923 0.160545 0.169095 0.306478
1 0.570667 0.585840 0.156360 0.177605
1 0.522834 0.850616 0.220548 0.298767
1 0.399735 0.125015 0.162349 0.234581
1 0.161584 0.489892 0.273420 0.803134
1 0.393433 0.634082 0.087605 0.237678
1 0.672746 0.208761 0.273125 0.416472
1 0.591913 0.171524 0.108786 0.182821
1 0.744670 0.046980 0.120903 0.093959
1 0.157159 0.479502 0.281547 0.864628
1 0.501356 0.499295 0.997288 0.998591
