1 0.292118 0.469975 0.473050 0.308959
1 0.292305 0.470217 0.472487 0.309119
1 0.879403 0.291851 0.240509 0.219369
1 0.942946 0.672874 0.113923 0.156612
1 0.562821 0.206163 0.475692 0.353470
1 0.781070 0.491056 0.435513 0.333272
1 0.184304 0.260450 0.366104 0.233982
1 0.183690 0.260234 0.366520 0.235608
1 0.341026 0.066826 0.307512 0.133652
1 0.055908 0.593268 0.111815 0.192300
1 0.056077 0.593485 0.111451 0.193369
1 0.055889 0.593232 0.111777 0.192615
1 0.160051 0.126148 0.318096 0.097709
1 0.089156 0.055454 0.177448 0.110908
