1 0.598210 0.750652 0.590559 0.423891
1 0.168019 0.647655 0.336037 0.351608
1 0.598548 0.750345 0.588268 0.424437
1 0.280243 0.141087 0.505739 0.282101
1 0.815678 0.155214 0.365844 0.297160
1 0.410691 0.390624 0.425944 0.348000
1 0.812902 0.455520 0.371477 0.346445
1 0.813552 0.455425 0.370501 0.346477
1 0.045994 0.121775 0.091988 0.243550
1 0.168160 0.647670 0.336319 0.351970
1 0.140211 0.914885 0.280421 0.170229
1 0.465021 0.965669 0.375996 0.068642
1 0.463174 0.966823 0.374513 0.066355
1 0.140102 0.915138 0.279893 0.169724
1 0.815981 0.154950 0.366073 0.296029
