1 0.145347 0.528332 0.151096 0.224352
1 0.338780 0.268876 0.053583 0.089658
1 0.446506 0.597116 0.106141 0.203682
1 0.663560 0.443923 0.178381 0.287259
1 0.772172 0.719222 0.275522 0.553650
1 0.401341 0.271379 0.054724 0.061106
1 0.162999 0.791957 0.316135 0.416085
1 0.900475 0.240204 0.103224 0.131422
1 0.900038 0.240322 0.102641 0.130633
1 0.342419 0.739539 0.203762 0.344308
1 0.338958 0.268836 0.053233 0.089464
1 0.401367 0.271578 0.054788 0.061754
1 0.568152 0.859211 0.162975 0.281578
1 0.568279 0.859649 0.162597 0.280702
1 0.312994 0.463402 0.139895 0.236424
1 0.450736 0.214724 0.105901 0.135131
1 0.895121 0.952334 0.191328 0.095331
