1 0.712355 0.976631 0.302930 0.046737
1 0.400124 0.052133 0.247968 0.104265
1 0.898782 0.588622 0.198802 0.159446
1 0.897946 0.040705 0.203175 0.081410
1 0.799175 0.108880 0.259068 0.150190
1 0.966129 0.099371 0.063864 0.091854
1 0.648651 0.039018 0.245086 0.078015
1 0.380457 0.954857 0.318814 0.090083
1 0.369437 0.246722 0.266712 0.161801
1 0.400918 0.051783 0.250228 0.103487
1 0.811536 0.750111 0.298700 0.188175
1 0.716666 0.976398 0.322141 0.047205
1 0.077384 0.745970 0.154769 0.167467
1 0.914257 0.440040 0.167568 0.139548
1 0.622752 0.883066 0.323122 0.174565
1 0.060549 0.173807 0.121097 0.128453
1 0.227363 0.138734 0.260310 0.154617
1 0.670539 0.244925 0.276172 0.143530
1 0.898076 0.197729 0.200249 0.142500
1 0.073852 0.056876 0.147705 0.113470
1 0.695675 0.520660 0.303334 0.155908
1 0.135011 0.906412 0.270023 0.187177
1 0.452536 0.356163 0.260459 0.172987
1 0.535139 0.133954 0.271233 0.142797
1 0.195816 0.422531 0.280551 0.158685
1 0.560391 0.661331 0.314862 0.185964
1 0.237301 0.638708 0.330409 0.184196
1 0.088184 0.545426 0.176367 0.189712
1 0.733029 0.373560 0.292887 0.152908
1 0.893186 0.908422 0.209328 0.183157
1 0.125679 0.286501 0.249392 0.153501
1 0.077199 0.745970 0.154398 0.167843
1 0.348256 0.794668 0.338043 0.181193
1 0.924723 0.315249 0.145942 0.120276
1 0.074009 0.057606 0.148019 0.115211
1 0.398978 0.508209 0.282328 0.171323
1 0.207244 0.019883 0.280513 0.039766
1 0.207661 0.019362 0.218612 0.038724
1 0.977974 0.761468 0.040061 0.114743
