1 0.346651 0.308054 0.274961 0.445488
1 0.564938 0.135230 0.201464 0.265207
1 0.463417 0.421810 0.268703 0.390280
1 0.129004 0.499385 0.255948 0.300926
1 0.168262 0.773144 0.254489 0.453712
1 0.837331 0.277747 0.322792 0.373213
1 0.463205 0.422451 0.269678 0.388000
1 0.698997 0.570762 0.319681 0.444425
1 0.835898 0.766869 0.328203 0.466262
1 0.347804 0.671676 0.183591 0.325363
1 0.638712 0.323349 0.111948 0.259977
1 0.553013 0.820656 0.404246 0.358687
1 0.366868 0.907135 0.309778 0.185730
1 0.639444 0.323239 0.113401 0.259349
1 0.553883 0.552523 0.126646 0.209868
1 0.801733 0.816016 0.146699 0.150231
1 0.366956 0.907114 0.308901 0.185771
1 0.916969 0.601802 0.166061 0.301361
1 0.834880 0.780499 0.329919 0.439002
1 0.893002 0.218729 0.169318 0.211474
1 0.500000 0.502376 1.000000 0.995247
1 0.063400 0.880574 0.126801 0.238852
1 0.026367 0.741134 0.052734 0.273875
