1 0.371373 0.474662 0.330694 0.949324
1 0.162209 0.468979 0.130121 0.716551
1 0.161313 0.468719 0.130887 0.717333
1 0.523104 0.360113 0.116625 0.720221
1 0.746704 0.489099 0.193185 0.978198
1 0.639574 0.488075 0.182688 0.976149
1 0.654605 0.498600 0.210619 0.996998
1 0.523315 0.361932 0.117067 0.723863
1 0.655804 0.501357 0.212630 0.996105
1 0.794957 0.440500 0.198810 0.828770
1 0.772777 0.434820 0.241272 0.865545
1 0.772302 0.437250 0.242464 0.865215
1 0.416492 0.444568 0.239507 0.886445
1 0.453041 0.452236 0.169476 0.904473
1 0.329652 0.474472 0.244755 0.948944
1 0.350186 0.378115 0.100997 0.446948
1 0.384873 0.343582 0.171413 0.665763
1 0.511754 0.481794 0.800761 0.963588
