1 0.880106 0.807174 0.239668 0.384437
1 0.210663 0.189458 0.148281 0.147377
1 0.499134 0.512050 0.998268 0.972928
1 0.600755 0.893634 0.349216 0.212731
1 0.625270 0.595629 0.342960 0.440320
1 0.487535 0.212364 0.122755 0.180011
1 0.333025 0.772642 0.305845 0.382968
1 0.336024 0.358832 0.325895 0.286021
1 0.092773 0.780941 0.185547 0.367834
1 0.177083 0.530033 0.228241 0.320489
1 0.379203 0.483605 0.182274 0.225858
1 0.795886 0.226979 0.201387 0.269598
1 0.877940 0.535095 0.215272 0.244883
1 0.562303 0.329959 0.154076 0.177974
1 0.708820 0.209495 0.581147 0.418268
