1 0.966104 0.150043 0.067792 0.288178
1 0.894398 0.412831 0.194166 0.257047
1 0.565257 0.142537 0.218350 0.285074
1 0.509205 0.454305 0.977667 0.908611
1 0.144683 0.137548 0.214561 0.275095
1 0.210160 0.254994 0.162973 0.295998
1 0.752598 0.524944 0.155857 0.277837
1 0.586317 0.649386 0.130362 0.269722
1 0.522567 0.424223 0.217347 0.310598
1 0.210993 0.598863 0.222392 0.310901
1 0.359249 0.165304 0.214277 0.328895
1 0.857970 0.180283 0.210911 0.314814
1 0.358888 0.164865 0.213905 0.329729
1 0.858109 0.181049 0.209734 0.311835
1 0.522796 0.423629 0.216752 0.310387
1 0.731712 0.078257 0.171506 0.156513
1 0.298174 0.459430 0.229998 0.324851
1 0.702887 0.240966 0.228532 0.481931
1 0.428738 0.663810 0.204157 0.315343
1 0.701516 0.656389 0.153588 0.354727
1 0.894794 0.413802 0.188173 0.254601
1 0.298356 0.459700 0.228953 0.324771
