1 0.927407 0.507789 0.145186 0.372851
1 0.082347 0.761765 0.134358 0.177508
1 0.168500 0.551355 0.337000 0.489143
1 0.168816 0.553644 0.337631 0.482571
1 0.522841 0.115654 0.288921 0.228230
1 0.082610 0.761628 0.135051 0.177215
1 0.878263 0.802803 0.243475 0.255677
1 0.089484 0.259582 0.178661 0.201733
1 0.926445 0.206004 0.147109 0.248321
1 0.345591 0.631860 0.350714 0.404637
1 0.490095 0.299472 0.214714 0.155808
1 0.818610 0.306750 0.315183 0.198459
1 0.678805 0.194002 0.296959 0.371745
1 0.212141 0.640939 0.247870 0.303073
1 0.623527 0.558987 0.509533 0.412789
1 0.574746 0.703200 0.212626 0.233494
1 0.818175 0.458423 0.119321 0.307629
1 0.534854 0.663119 0.292444 0.316309
1 0.313268 0.287305 0.277477 0.219167
1 0.325571 0.400914 0.142025 0.192188
1 0.818899 0.410233 0.313841 0.407694
1 0.657932 0.621264 0.345685 0.263673
1 0.327394 0.401128 0.142510 0.193418
1 0.047396 0.043040 0.094792 0.085231
1 0.616754 0.521818 0.519242 0.345672
1 0.334904 0.245746 0.101482 0.108301
1 0.448725 0.547255 0.118673 0.168489
1 0.674858 0.572882 0.398373 0.228803
1 0.819734 0.457629 0.115612 0.308199
1 0.453700 0.288318 0.141285 0.130635
1 0.533177 0.642753 0.295706 0.356397
1 0.176150 0.056999 0.108414 0.094685
1 0.106582 0.499092 0.213011 0.367036
1 0.856438 0.103058 0.286516 0.205290
1 0.527145 0.315045 0.143031 0.124903
1 0.311610 0.288580 0.280079 0.228437
1 0.047725 0.081416 0.095451 0.161324
1 0.091221 0.117897 0.093842 0.112782
