1 0.492540 0.476569 0.429941 0.668512
1 0.103465 0.801462 0.206899 0.397076
1 0.782110 0.176275 0.435657 0.350195
1 0.160600 0.369641 0.321201 0.553971
1 0.924725 0.597890 0.150550 0.640655
1 0.428500 0.136719 0.337576 0.271810
1 0.595148 0.879870 0.366383 0.240260
1 0.768654 0.563985 0.273835 0.498298
1 0.326486 0.772320 0.271779 0.355778
1 0.729658 0.965536 0.198296 0.068928
1 0.897414 0.908794 0.204972 0.182412
1 0.499907 0.500906 0.999814 0.994776
1 0.129872 0.089100 0.259453 0.175069
1 0.275243 0.958065 0.173117 0.083871
1 0.275217 0.958388 0.173350 0.083225
