1 0.708784 0.468817 0.185659 0.340109
1 0.310216 0.946689 0.121782 0.106621
1 0.333646 0.304174 0.175422 0.402619
1 0.168290 0.715124 0.108944 0.199386
1 0.499582 0.773723 0.099723 0.189280
1 0.228818 0.898592 0.102806 0.196934
1 0.969424 0.428682 0.061152 0.252828
1 0.114179 0.721744 0.148342 0.321754
1 0.262073 0.048460 0.077840 0.096857
1 0.511130 0.373887 0.147149 0.304758
1 0.662875 0.662836 0.116414 0.187150
1 0.431462 0.897178 0.120580 0.205644
1 0.168513 0.715284 0.108578 0.199294
1 0.046075 0.982295 0.070271 0.035411
1 0.575436 0.545880 0.097818 0.201905
1 0.526978 0.932374 0.119820 0.134935
1 0.046495 0.982543 0.065872 0.034914
1 0.575440 0.547049 0.097876 0.203205
1 0.511186 0.374705 0.148159 0.305512
