1 0.663469 0.141741 0.191275 0.281392
1 0.912039 0.147856 0.175922 0.294099
1 0.372799 0.451276 0.145713 0.309953
1 0.310297 0.956234 0.168356 0.087532
1 0.373131 0.451119 0.145438 0.310547
1 0.200432 0.136142 0.167057 0.268732
1 0.929204 0.594258 0.141593 0.363180
1 0.517200 0.304255 0.180632 0.360582
1 0.779550 0.394467 0.200707 0.392433
1 0.597711 0.639269 0.198737 0.403785
1 0.800536 0.797071 0.208292 0.364318
1 0.417737 0.778648 0.178743 0.341800
1 0.241523 0.704257 0.177281 0.387073
1 0.240914 0.704283 0.177212 0.386573
1 0.094925 0.812165 0.189850 0.375670
1 0.095142 0.811910 0.190189 0.376181
1 0.532606 0.918500 0.229791 0.163000
