1 0.384903 0.603025 0.249050 0.381609
1 0.737628 0.557741 0.105455 0.169121
1 0.828776 0.281586 0.247824 0.368006
1 0.099008 0.843326 0.197950 0.313348
1 0.979327 0.282167 0.041345 0.238433
1 0.369372 0.892700 0.231894 0.214600
1 0.683836 0.733022 0.200158 0.343256
1 0.636041 0.409008 0.217937 0.290607
1 0.702277 0.087435 0.212937 0.173349
1 0.991726 0.062899 0.016548 0.125797
1 0.965336 0.527071 0.069328 0.308405
1 0.203811 0.236662 0.238637 0.286472
1 0.635974 0.409103 0.218673 0.292155
1 0.590481 0.911724 0.216990 0.176551
1 0.858754 0.852550 0.228944 0.287141
1 0.081246 0.122219 0.162471 0.243599
1 0.190360 0.054367 0.104896 0.108735
1 0.979193 0.278148 0.041461 0.228886
1 0.891279 0.595186 0.214289 0.356699
1 0.230138 0.766113 0.165520 0.249166
1 0.154382 0.487214 0.255575 0.421937
1 0.378362 0.374799 0.235931 0.242265
1 0.950315 0.967095 0.099331 0.065809
1 0.535553 0.631586 0.177867 0.389520
1 0.950548 0.966724 0.098903 0.066551
1 0.477326 0.160648 0.310922 0.318479
1 0.535678 0.632171 0.177014 0.388852
1 0.202799 0.943377 0.109045 0.113247
1 0.858391 0.853169 0.229703 0.286480
1 0.850010 0.051197 0.084505 0.100581
1 0.651874 0.228920 0.112158 0.090768
1 0.016599 0.702854 0.033160 0.185447
