1 0.450830 0.474682 0.361731 0.544468
1 0.136843 0.325384 0.273687 0.464259
1 0.168405 0.562774 0.252468 0.322889
1 0.790858 0.375921 0.351362 0.524220
1 0.462786 0.146076 0.288001 0.213001
1 0.462637 0.145177 0.288181 0.211332
1 0.790491 0.377044 0.352377 0.525707
1 0.791248 0.377442 0.351332 0.525543
1 0.644635 0.654265 0.166714 0.378344
1 0.821648 0.725662 0.167245 0.250208
1 0.821625 0.725095 0.166453 0.249559
1 0.195079 0.775417 0.118553 0.123063
1 0.644440 0.654384 0.166422 0.378094
1 0.644632 0.654855 0.166671 0.376894
