1 0.626198 0.820623 0.405931 0.323806
1 0.777086 0.624931 0.353537 0.392384
1 0.626400 0.820551 0.405245 0.323050
1 0.182471 0.247325 0.316229 0.283216
1 0.777221 0.625197 0.354684 0.392684
1 0.175219 0.501893 0.347455 0.342415
1 0.506422 0.394986 0.328364 0.347931
1 0.506506 0.395508 0.328776 0.348246
1 0.223619 0.801217 0.399673 0.395638
1 0.223902 0.800883 0.399148 0.396609
1 0.175253 0.500911 0.346508 0.340477
1 0.553453 0.201142 0.312918 0.277812
1 0.943343 0.452695 0.113315 0.362151
1 0.553576 0.200838 0.312645 0.277950
