1 0.289002 0.840417 0.489548 0.319167
1 0.704338 0.221560 0.426248 0.442418
1 0.149444 0.579772 0.298888 0.508426
1 0.494369 0.543130 0.391569 0.442433
1 0.853172 0.524510 0.293656 0.453668
1 0.280800 0.225413 0.421753 0.438328
1 0.034104 0.187507 0.068208 0.314748
1 0.962310 0.161213 0.075379 0.322426
1 0.765909 0.802776 0.468182 0.394448
1 0.443090 0.053751 0.378675 0.107503
1 0.962214 0.160765 0.075572 0.321530
1 0.021396 0.871955 0.042791 0.256089
1 0.114916 0.065466 0.229832 0.130932
1 0.115035 0.065176 0.229887 0.130353
1 0.021560 0.866295 0.043121 0.267411
1 0.850633 0.054336 0.298734 0.108671
1 0.453294 0.053782 0.377629 0.107565
1 0.844342 0.044097 0.311315 0.088193
