1 0.312516 0.231647 0.451795 0.427808
1 0.313225 0.231593 0.449343 0.427167
1 0.441180 0.588915 0.120058 0.165482
1 0.756928 0.626036 0.148394 0.209685
1 0.324109 0.695112 0.160348 0.221958
1 0.844881 0.610316 0.058598 0.112824
1 0.761200 0.852568 0.124739 0.181344
1 0.324498 0.695255 0.161027 0.222584
1 0.756053 0.626657 0.147551 0.210429
1 0.551535 0.944249 0.126437 0.111502
1 0.578525 0.086208 0.156863 0.172416
1 0.324316 0.695580 0.160408 0.223334
1 0.472097 0.782815 0.171801 0.232843
1 0.675119 0.754682 0.111073 0.140555
1 0.581728 0.441664 0.210570 0.282927
1 0.581601 0.441699 0.210441 0.282247
1 0.592434 0.702526 0.102822 0.165912
1 0.498151 0.335675 0.996302 0.667341
