1 0.364981 0.211431 0.253730 0.355715
1 0.609714 0.131914 0.132812 0.208297
1 0.940905 0.177986 0.118190 0.321668
1 0.149461 0.955780 0.087003 0.088441
1 0.500074 0.500442 0.999771 0.999115
1 0.131988 0.737800 0.176195 0.261192
1 0.135873 0.738123 0.182875 0.258191
1 0.950954 0.920211 0.098091 0.159578
1 0.686233 0.063659 0.093941 0.127318
1 0.962599 0.439697 0.074616 0.179502
1 0.951072 0.920303 0.097850 0.159393
1 0.700284 0.217019 0.081264 0.135669
1 0.284358 0.871522 0.128405 0.169434
1 0.846572 0.158934 0.077122 0.084750
1 0.858434 0.075776 0.189147 0.151552
1 0.662782 0.583551 0.080143 0.121176
1 0.758235 0.126798 0.078382 0.104171
1 0.784944 0.845330 0.118324 0.155388
