1 0.808598 0.415106 0.382804 0.493457
1 0.526262 0.239245 0.186178 0.278534
1 0.526225 0.238858 0.185701 0.278019
1 0.175454 0.671070 0.306899 0.519585
1 0.506637 0.620450 0.364525 0.523818
1 0.810375 0.811864 0.378806 0.375485
1 0.587121 0.061344 0.153496 0.122688
1 0.499851 0.501891 0.999171 0.987495
1 0.675529 0.158666 0.162250 0.233169
1 0.347658 0.288101 0.174909 0.273265
1 0.419680 0.190969 0.129482 0.199119
1 0.102144 0.490426 0.204076 0.643842
1 0.717976 0.080249 0.093565 0.126590
1 0.303460 0.293960 0.264537 0.376540
1 0.978917 0.415829 0.042167 0.351536
1 0.258807 0.459850 0.517288 0.906086
1 0.057287 0.330004 0.112417 0.220005
1 0.108310 0.231417 0.063331 0.071863
1 0.978850 0.416335 0.042301 0.353263
1 0.731055 0.410440 0.227449 0.463363
1 0.302713 0.293482 0.266659 0.380916
