1 0.215072 0.304823 0.230365 0.176969
1 0.273214 0.466755 0.236934 0.173719
1 0.273644 0.466479 0.236836 0.173312
1 0.526722 0.434701 0.245780 0.202337
1 0.444708 0.257842 0.233720 0.190152
1 0.174380 0.790551 0.223796 0.193520
1 0.444766 0.257942 0.234607 0.190017
1 0.784476 0.251939 0.248998 0.201113
1 0.251906 0.626652 0.221060 0.161816
1 0.784510 0.252161 0.249128 0.200891
1 0.783340 0.429814 0.255973 0.190195
1 0.783372 0.430412 0.256601 0.188981
1 0.786020 0.807768 0.260156 0.192529
1 0.783352 0.429652 0.255678 0.190723
1 0.722360 0.627876 0.237989 0.195160
