1 0.494349 0.216693 0.294944 0.256049
1 0.494320 0.216671 0.295121 0.255502
1 0.830929 0.114430 0.146093 0.205222
1 0.830579 0.114199 0.146542 0.204720
1 0.363269 0.890325 0.169207 0.219349
1 0.701819 0.257024 0.167478 0.209547
1 0.455534 0.441291 0.140885 0.212559
1 0.165107 0.577483 0.330214 0.845034
1 0.749563 0.439268 0.186082 0.191739
1 0.975676 0.140722 0.048648 0.160943
1 0.954654 0.283528 0.090692 0.185801
1 0.749473 0.440030 0.185788 0.192815
1 0.586491 0.518690 0.177683 0.181672
1 0.574985 0.920861 0.224392 0.158277
1 0.851822 0.294034 0.143916 0.216298
1 0.367668 0.352537 0.139901 0.204855
1 0.607892 0.354514 0.168475 0.183444
1 0.982871 0.950470 0.034258 0.099061
1 0.072320 0.348601 0.144607 0.395654
1 0.608117 0.354821 0.167816 0.183482
