1 0.126230 0.833453 0.111093 0.172884
1 0.044514 0.575057 0.089028 0.236795
1 0.483575 0.311251 0.192430 0.282545
1 0.556465 0.630628 0.228155 0.285120
1 0.358140 0.537643 0.196649 0.249057
1 0.277257 0.283000 0.211526 0.288736
1 0.933141 0.263935 0.133717 0.231365
1 0.181862 0.634629 0.183401 0.224919
1 0.603701 0.055202 0.109370 0.108760
1 0.189776 0.130762 0.166740 0.210722
1 0.044832 0.575169 0.089664 0.239386
1 0.262749 0.841279 0.179355 0.242803
1 0.804974 0.341105 0.121256 0.226774
1 0.859257 0.889455 0.171201 0.196774
1 0.929701 0.080227 0.140372 0.159465
1 0.031232 0.317473 0.062465 0.243631
1 0.685010 0.110448 0.158684 0.178470
1 0.031103 0.818431 0.062206 0.217777
1 0.959795 0.489839 0.080411 0.229768
1 0.969741 0.894181 0.060519 0.183168
1 0.529612 0.157300 0.148626 0.171121
1 0.196097 0.391730 0.141175 0.200565
1 0.818672 0.145302 0.109464 0.165833
1 0.838856 0.703404 0.163670 0.224770
1 0.700993 0.521977 0.166939 0.216595
1 0.706326 0.267993 0.181832 0.259634
1 0.030945 0.318409 0.061852 0.243802
1 0.368030 0.105983 0.167107 0.193329
1 0.554188 0.881192 0.163679 0.231481
1 0.854025 0.516185 0.135336 0.165772
1 0.692717 0.802787 0.156019 0.196913
1 0.407812 0.941695 0.158181 0.116609
1 0.475403 0.036931 0.149420 0.073351
1 0.061775 0.067980 0.123550 0.135959
1 0.601852 0.054685 0.108320 0.107456
1 0.368030 0.105754 0.166008 0.193512
1 0.528467 0.157416 0.149019 0.171184
1 0.197036 0.390873 0.143095 0.199039
1 0.409699 0.760237 0.153380 0.201947
