1 0.498253 0.713183 0.824491 0.573635
1 0.859607 0.922846 0.102015 0.154307
1 0.788293 0.880286 0.087940 0.134206
1 0.548224 0.630192 0.097049 0.164264
1 0.702912 0.697987 0.098960 0.114191
1 0.562374 0.487663 0.071624 0.111367
1 0.367607 0.905061 0.090615 0.152985
1 0.693962 0.898106 0.117058 0.138193
1 0.290296 0.657731 0.090161 0.127882
1 0.149525 0.859888 0.100304 0.132328
1 0.281987 0.918402 0.097919 0.162188
1 0.229547 0.759634 0.090644 0.119472
1 0.562822 0.487777 0.071245 0.112664
1 0.304752 0.737728 0.073443 0.145104
1 0.466905 0.783585 0.090649 0.123335
1 0.627260 0.500211 0.058873 0.067913
1 0.471950 0.909398 0.092182 0.147927
1 0.427966 0.581530 0.099407 0.146137
1 0.226138 0.891401 0.074027 0.149057
1 0.372918 0.657341 0.096561 0.115355
1 0.377807 0.766536 0.079627 0.146620
1 0.562817 0.893941 0.104249 0.177949
1 0.710113 0.782459 0.092903 0.130932
1 0.627508 0.500701 0.058365 0.067722
1 0.648559 0.605482 0.083815 0.150858
1 0.548648 0.743808 0.073867 0.138575
1 0.226707 0.891575 0.075154 0.150235
1 0.414780 0.881778 0.049606 0.125788
