1 0.687067 0.442273 0.489632 0.736970
1 0.166315 0.550099 0.332630 0.895648
1 0.499401 0.499512 0.998801 0.998340
1 0.847898 0.744082 0.264635 0.396583
1 0.847580 0.743671 0.265631 0.396462
1 0.119509 0.182283 0.208841 0.363846
1 0.847533 0.743409 0.265519 0.396278
1 0.906136 0.191075 0.187727 0.377618
1 0.916890 0.516188 0.166154 0.285987
1 0.917135 0.517448 0.165730 0.289410
1 0.267064 0.066409 0.294978 0.132819
1 0.307941 0.834045 0.140468 0.329773
1 0.667419 0.069082 0.304703 0.138165
1 0.266373 0.066639 0.295279 0.133278
1 0.688662 0.840534 0.085709 0.125332
