1 0.455361 0.293757 0.124536 0.233197
1 0.322735 0.478460 0.190717 0.266021
1 0.812766 0.042096 0.164364 0.084192
1 0.053340 0.223149 0.106680 0.249170
1 0.089353 0.428820 0.178707 0.277877
1 0.341557 0.050150 0.139503 0.099193
1 0.489992 0.090681 0.160314 0.181361
1 0.977895 0.227190 0.044209 0.249741
1 0.250594 0.981693 0.133443 0.036613
1 0.189382 0.300838 0.153542 0.252629
1 0.341736 0.050836 0.139356 0.100383
1 0.326143 0.215653 0.180815 0.278182
1 0.590278 0.168276 0.186419 0.167610
1 0.089434 0.428381 0.178869 0.278833
1 0.649572 0.063817 0.161092 0.127633
