1 0.478672 0.747607 0.884254 0.425164
1 0.346224 0.557610 0.300506 0.299358
1 0.852565 0.272128 0.252149 0.450683
1 0.168560 0.214912 0.292136 0.358288
1 0.737350 0.589890 0.430565 0.267800
1 0.852437 0.273071 0.253616 0.450900
1 0.852438 0.272765 0.253386 0.451837
1 0.736018 0.401625 0.214590 0.375640
1 0.735318 0.400810 0.214673 0.374310
1 0.735623 0.400545 0.215802 0.373768
1 0.493570 0.212265 0.282986 0.214766
1 0.169121 0.252645 0.289910 0.281104
1 0.523506 0.076624 0.109890 0.061947
1 0.534333 0.851421 0.732585 0.196251
1 0.491020 0.837937 0.864522 0.216106
1 0.501187 0.506557 0.956828 0.986886
1 0.696020 0.847084 0.452894 0.152516
