1 0.198502 0.497679 0.397003 0.655950
1 0.877242 0.706856 0.245281 0.586289
1 0.739064 0.370604 0.387833 0.535449
1 0.497654 0.707477 0.500114 0.585046
1 0.750764 0.095871 0.281376 0.189249
1 0.054682 0.104194 0.109365 0.197787
1 0.228239 0.107071 0.282695 0.213219
1 0.467021 0.237752 0.267600 0.417739
1 0.497070 0.707311 0.501912 0.585379
1 0.040710 0.416756 0.081421 0.488486
1 0.040796 0.427457 0.081592 0.509445
1 0.177368 0.884496 0.191445 0.206703
1 0.039812 0.292622 0.079624 0.237027
1 0.039978 0.289252 0.079956 0.229499
