1 0.112837 0.497455 0.144377 0.225292
1 0.135559 0.560547 0.271117 0.866845
1 0.297532 0.241297 0.071613 0.145549
1 0.106050 0.927066 0.106888 0.145869
1 0.518583 0.770131 0.228574 0.456052
1 0.236005 0.590140 0.101482 0.186655
1 0.112671 0.496935 0.144358 0.225510
1 0.236152 0.589571 0.101380 0.185746
1 0.153088 0.195406 0.091137 0.153371
1 0.525914 0.282981 0.242962 0.215760
1 0.105759 0.927062 0.106652 0.145877
1 0.692561 0.335376 0.329939 0.361516
1 0.298107 0.240788 0.072260 0.146876
1 0.591627 0.910953 0.090401 0.130699
1 0.133250 0.800623 0.266501 0.394149
1 0.178884 0.723516 0.208326 0.278001
1 0.173300 0.725285 0.201284 0.273912
1 0.312151 0.103023 0.083057 0.142774
1 0.253191 0.154988 0.062005 0.128261
1 0.391990 0.861174 0.159012 0.277653
1 0.312203 0.103153 0.083702 0.143185
1 0.138435 0.566167 0.276833 0.863313
1 0.138411 0.566689 0.276768 0.864424
1 0.296565 0.478328 0.035762 0.087425
