1 0.925524 0.369790 0.148952 0.464284
1 0.752500 0.497452 0.237274 0.324273
1 0.752195 0.497708 0.237526 0.325007
1 0.722532 0.366177 0.258256 0.230914
1 0.507575 0.552480 0.260516 0.383517
1 0.350339 0.774511 0.254404 0.350596
1 0.886416 0.695624 0.227167 0.225011
1 0.477473 0.196148 0.953248 0.390044
1 0.235978 0.897377 0.250320 0.205246
1 0.235891 0.897364 0.250893 0.205272
1 0.953732 0.843699 0.092537 0.291489
1 0.718413 0.823172 0.162282 0.158012
1 0.675368 0.733617 0.160218 0.173847
1 0.506920 0.917497 0.169897 0.165006
1 0.953791 0.835380 0.092358 0.274937
1 0.547649 0.837286 0.174728 0.206525
1 0.287596 0.303055 0.080844 0.126751
1 0.673871 0.930937 0.167109 0.138127
1 0.136377 0.486377 0.118210 0.183057
1 0.507156 0.917847 0.168626 0.164306
1 0.248051 0.421302 0.105533 0.141841
1 0.280397 0.196024 0.094357 0.128487
1 0.325295 0.520470 0.093153 0.161421
1 0.213641 0.541036 0.427281 0.856715
1 0.364012 0.363839 0.123606 0.169936
1 0.147830 0.741345 0.121356 0.155803
1 0.199242 0.333903 0.107107 0.137254
1 0.499504 0.505684 0.999009 0.988631
