1 0.651958 0.613457 0.613969 0.317451
1 0.652425 0.612553 0.614195 0.318386
1 0.650210 0.610218 0.619101 0.320171
1 0.225955 0.715893 0.145841 0.234805
1 0.651695 0.609357 0.615385 0.320082
1 0.400916 0.430439 0.112327 0.218184
1 0.225399 0.717864 0.145458 0.229490
1 0.469685 0.328680 0.317579 0.361335
1 0.470528 0.329840 0.319008 0.357976
1 0.158055 0.519286 0.267597 0.409468
1 0.470363 0.330211 0.318018 0.359262
1 0.498500 0.476792 0.952524 0.713899
1 0.331776 0.458625 0.099863 0.181902
1 0.692710 0.382389 0.302113 0.242464
1 0.345169 0.692398 0.119565 0.261916
