1 0.199672 0.173800 0.312516 0.345961
1 0.902437 0.140902 0.194796 0.281292
1 0.050464 0.430653 0.100928 0.564821
1 0.499430 0.502806 0.998861 0.994388
1 0.086254 0.846677 0.114755 0.225589
1 0.019663 0.839238 0.039326 0.164305
1 0.751707 0.098294 0.113934 0.193446
1 0.360932 0.357607 0.123994 0.248698
1 0.169359 0.706836 0.141012 0.222487
1 0.139563 0.963231 0.105201 0.073538
1 0.359389 0.792040 0.157055 0.294539
1 0.187525 0.474771 0.161583 0.263764
1 0.302371 0.588901 0.120475 0.230852
1 0.033409 0.955931 0.066783 0.088138
1 0.483130 0.873218 0.113911 0.212405
1 0.033349 0.955595 0.066684 0.088809
1 0.758679 0.327974 0.113695 0.266478
1 0.625656 0.048332 0.182206 0.095412
1 0.659564 0.196522 0.109378 0.190568
1 0.517969 0.660640 0.145288 0.234004
1 0.276449 0.901437 0.168542 0.197125
1 0.405857 0.533710 0.109999 0.228401
