1 0.960966 0.311110 0.078069 0.502284
1 0.478362 0.178539 0.170015 0.357078
1 0.100871 0.353616 0.201742 0.503704
1 0.070696 0.697587 0.137463 0.212338
1 0.193558 0.606230 0.132919 0.206611
1 0.924969 0.651378 0.079230 0.129737
1 0.651912 0.397596 0.080030 0.133787
1 0.960245 0.300793 0.079509 0.522357
1 0.816555 0.609845 0.156699 0.267144
1 0.796663 0.322534 0.273174 0.330147
1 0.669072 0.560232 0.139043 0.198800
1 0.552817 0.424341 0.131136 0.225496
1 0.815918 0.608914 0.156542 0.263773
1 0.637231 0.556684 0.380091 0.512357
1 0.552383 0.424435 0.132586 0.225719
1 0.911073 0.510973 0.087493 0.116898
1 0.499736 0.495696 0.999472 0.991393
