1 0.539715 0.485391 0.242472 0.461781
1 0.777072 0.459281 0.207116 0.384194
1 0.298570 0.738519 0.277343 0.517602
1 0.865095 0.142048 0.252341 0.283566
1 0.690268 0.764615 0.239749 0.431040
1 0.043120 0.927446 0.086240 0.145108
1 0.939056 0.348696 0.121888 0.354276
1 0.467162 0.837978 0.235522 0.324045
1 0.943137 0.683709 0.113726 0.452520
1 0.260904 0.153149 0.194299 0.305213
1 0.395488 0.404971 0.175194 0.294458
1 0.398975 0.143576 0.108128 0.236969
1 0.678496 0.151193 0.168210 0.299990
1 0.162638 0.942416 0.152567 0.115168
1 0.086075 0.099384 0.171865 0.197315
1 0.883888 0.888921 0.231780 0.222159
1 0.090618 0.690969 0.170725 0.318592
1 0.099336 0.283827 0.158400 0.248469
1 0.624860 0.386117 0.111227 0.332464
1 0.179969 0.417263 0.238792 0.413377
1 0.012892 0.307677 0.025673 0.282079
1 0.507281 0.170828 0.183095 0.229888
1 0.538238 0.055656 0.164176 0.111312
1 0.500284 0.500000 0.999209 1.000000
1 0.337383 0.360183 0.096567 0.219963
