1 0.123848 0.824307 0.247696 0.351386
1 0.951352 0.424723 0.097296 0.405754
1 0.886919 0.163315 0.225879 0.325741
1 0.715541 0.784068 0.260560 0.431865
1 0.780637 0.363374 0.226432 0.542495
1 0.887285 0.160629 0.225430 0.319075
1 0.092684 0.384225 0.157399 0.512500
1 0.093373 0.385245 0.158154 0.506011
1 0.964717 0.697792 0.070565 0.411023
1 0.052009 0.307916 0.104018 0.613974
1 0.085327 0.431249 0.170655 0.858455
1 0.877413 0.817422 0.122835 0.357544
1 0.089438 0.326676 0.177465 0.643755
1 0.450211 0.495526 0.774190 0.983984
