1 0.427904 0.471084 0.119029 0.085832
1 0.149040 0.335162 0.131775 0.082613
1 0.417887 0.359033 0.107782 0.066298
1 0.126221 0.511539 0.122597 0.078932
1 0.540127 0.493970 0.117563 0.084582
1 0.451095 0.621653 0.121830 0.100833
1 0.048488 0.310395 0.096363 0.069774
1 0.133113 0.262236 0.129876 0.073963
1 0.055186 0.625366 0.108611 0.112868
1 0.494110 0.268679 0.123377 0.091032
1 0.311793 0.472564 0.125700 0.107974
1 0.870476 0.511413 0.136987 0.095003
1 0.575482 0.362029 0.124400 0.080242
1 0.235056 0.836678 0.174819 0.105979
1 0.851992 0.336128 0.133371 0.080476
1 0.031287 0.476583 0.061351 0.069135
1 0.806709 0.270061 0.147105 0.092648
1 0.748441 0.144978 0.102385 0.096326
1 0.029663 0.725993 0.058490 0.096745
1 0.102606 0.875889 0.128287 0.062787
1 0.378642 0.287619 0.134556 0.096484
1 0.504234 0.346854 0.085363 0.054698
1 0.022080 0.826591 0.043122 0.096521
1 0.500166 0.585573 0.152365 0.114888
1 0.187587 0.640679 0.146756 0.123887
1 0.053739 0.542512 0.103877 0.069931
1 0.719153 0.346122 0.127182 0.084766
1 0.477104 0.693430 0.138519 0.082055
1 0.318579 0.719806 0.181657 0.127371
1 0.095673 0.688652 0.089674 0.066924
1 0.614381 0.691588 0.135826 0.096349
1 0.781250 0.789863 0.162057 0.098937
1 0.034167 0.237684 0.067762 0.072795
1 0.501386 0.205183 0.995880 0.410366
1 0.336831 0.351005 0.063094 0.047087
1 0.574709 0.754435 0.152388 0.112647
1 0.244397 0.497155 0.106382 0.091981
1 0.748610 0.022779 0.107770 0.045558
1 0.793419 0.706687 0.166005 0.088828
1 0.388490 0.538875 0.104887 0.084851
1 0.128471 0.492015 0.132457 0.118177
1 0.128133 0.469307 0.133360 0.072282
1 0.631125 0.609385 0.117177 0.067157
1 0.912818 0.036914 0.166242 0.073817
1 0.429961 0.797386 0.146622 0.114606
1 0.501176 0.206538 0.995482 0.413075
1 0.685516 0.648222 0.137744 0.105233
1 0.258625 0.315602 0.114923 0.117287
1 0.810864 0.585122 0.155942 0.099566
1 0.953707 0.455970 0.092006 0.087214
1 0.330879 0.884499 0.187426 0.114968
1 0.142296 0.577240 0.091464 0.069589
1 0.735255 0.869319 0.185028 0.122414
1 0.960750 0.696850 0.077794 0.045076
1 0.637803 0.283776 0.149353 0.105384
1 0.752173 0.500192 0.098248 0.084935
1 0.253770 0.357903 0.082250 0.037695
1 0.688344 0.232850 0.126627 0.082700
1 0.322823 0.592869 0.139189 0.127705
1 0.243697 0.495823 0.105526 0.088697
1 0.902407 0.111829 0.141622 0.075470
