1 0.683199 0.259924 0.273687 0.393742
1 0.326593 0.229034 0.292356 0.373521
1 0.326498 0.227969 0.292528 0.373558
1 0.847994 0.754156 0.303989 0.491688
1 0.188588 0.509345 0.318931 0.465935
1 0.117296 0.829445 0.234499 0.341111
1 0.502794 0.688189 0.365882 0.553944
1 0.034220 0.495499 0.068417 0.382624
1 0.739447 0.056694 0.266369 0.110908
1 0.718573 0.587790 0.220375 0.346321
1 0.903766 0.408214 0.192444 0.362078
1 0.933732 0.138144 0.132500 0.275842
1 0.406774 0.486082 0.126315 0.192111
1 0.373842 0.594957 0.194004 0.404127
1 0.506702 0.066113 0.207210 0.130938
1 0.354792 0.920233 0.322354 0.159534
1 0.506230 0.065745 0.207619 0.130415
