1 0.321719 0.321134 0.430489 0.638530
1 0.643425 0.226803 0.255321 0.440302
1 0.022909 0.642862 0.045817 0.344083
1 0.324925 0.818326 0.281125 0.363348
1 0.325049 0.817923 0.280759 0.364154
1 0.612107 0.590176 0.216484 0.348220
1 0.098782 0.108345 0.196920 0.216691
1 0.099593 0.107910 0.199187 0.215820
1 0.060877 0.904293 0.121754 0.191413
1 0.060781 0.903975 0.121562 0.192050
1 0.022723 0.637289 0.045445 0.349132
1 0.064438 0.293014 0.098422 0.184885
1 0.680539 0.861048 0.219258 0.277903
1 0.680613 0.861188 0.218136 0.277624
1 0.100487 0.643559 0.132673 0.251436
1 0.168648 0.710686 0.087392 0.129286
1 0.151436 0.850254 0.087305 0.132079
1 0.893770 0.830833 0.212407 0.287091
1 0.013992 0.255924 0.027935 0.197684
1 0.063488 0.454563 0.122567 0.145234
1 0.468466 0.581421 0.160712 0.277734
1 0.745809 0.381316 0.123197 0.195746
1 0.817245 0.512100 0.132553 0.209726
1 0.949314 0.549344 0.101078 0.197248
1 0.527790 0.779003 0.151590 0.154475
1 0.836345 0.924997 0.137924 0.150006
1 0.524687 0.849979 0.161893 0.297709
