1 0.968470 0.730098 0.063060 0.530524
1 0.862510 0.884407 0.274979 0.231186
1 0.481320 0.701671 0.276079 0.384714
1 0.268106 0.903621 0.348436 0.192757
1 0.321280 0.361178 0.324099 0.453922
1 0.894992 0.217817 0.209667 0.435633
1 0.806689 0.542383 0.294012 0.433122
1 0.564351 0.521626 0.221578 0.243233
1 0.591543 0.198381 0.270447 0.385285
1 0.806659 0.542938 0.292875 0.434041
1 0.184502 0.103378 0.340999 0.205980
1 0.091999 0.419721 0.183966 0.503419
1 0.564752 0.937690 0.211024 0.124620
1 0.751478 0.254952 0.097290 0.171876
