1 0.704857 0.559226 0.545716 0.622727
1 0.705126 0.557231 0.545529 0.626492
1 0.355139 0.680872 0.380081 0.574924
1 0.205497 0.474590 0.359112 0.469625
1 0.827609 0.284134 0.344783 0.513800
1 0.827596 0.282042 0.344807 0.509365
1 0.080295 0.299548 0.160591 0.429197
1 0.436425 0.224070 0.465910 0.390458
1 0.080635 0.299418 0.160873 0.428859
1 0.206387 0.091977 0.215316 0.181024
1 0.204296 0.092260 0.210733 0.181299
1 0.343141 0.094108 0.486722 0.185766
1 0.342285 0.093027 0.485769 0.185579
1 0.504632 0.490621 0.989985 0.958405
1 0.438540 0.042813 0.288097 0.085626
1 0.438287 0.044576 0.292318 0.088732
