1 0.566612 0.810349 0.276595 0.372195
1 0.861805 0.413777 0.276391 0.397410
1 0.755633 0.660346 0.290430 0.339460
1 0.312108 0.202228 0.352216 0.230213
1 0.231348 0.477343 0.292998 0.316355
1 0.756173 0.660204 0.289604 0.338637
1 0.675668 0.466244 0.142180 0.149348
1 0.536358 0.360975 0.287895 0.318359
1 0.916366 0.194971 0.167130 0.267243
1 0.981061 0.657994 0.037879 0.316070
1 0.291431 0.761750 0.242074 0.273719
1 0.981195 0.645646 0.037463 0.270913
1 0.675346 0.465513 0.144414 0.151232
1 0.556536 0.158607 0.141687 0.116031
1 0.335824 0.400175 0.131893 0.211706
1 0.109091 0.388634 0.218061 0.382312
1 0.717505 0.219946 0.263236 0.214971
1 0.109162 0.388581 0.217954 0.381647
1 0.717020 0.219863 0.263825 0.215183
