1 0.841174 0.228883 0.317653 0.457766
1 0.212316 0.825922 0.279902 0.348157
1 0.298399 0.192345 0.273296 0.378423
1 0.212140 0.826181 0.279792 0.347638
1 0.906978 0.676932 0.186044 0.317932
1 0.211669 0.825836 0.278976 0.348329
1 0.756657 0.551562 0.182540 0.265378
1 0.618624 0.415822 0.185595 0.267078
1 0.618328 0.415399 0.186083 0.267441
1 0.125162 0.286346 0.250323 0.431647
1 0.906336 0.887985 0.187328 0.224029
1 0.238857 0.458339 0.437050 0.410750
1 0.702232 0.843088 0.171899 0.313823
1 0.169573 0.685742 0.339146 0.412683
1 0.595833 0.150889 0.325800 0.300672
1 0.291926 0.440273 0.325829 0.358447
1 0.964416 0.542134 0.071005 0.240748
1 0.591333 0.253465 0.198890 0.173196
1 0.381776 0.485480 0.083315 0.132473
1 0.633930 0.238495 0.109204 0.144367
1 0.400251 0.744655 0.125660 0.157870
1 0.168680 0.686165 0.337360 0.408889
1 0.592203 0.251255 0.209295 0.180613
1 0.228171 0.570089 0.456342 0.639029
1 0.593880 0.251507 0.206279 0.184294
1 0.477475 0.417198 0.120546 0.219650
1 0.040413 0.602534 0.080825 0.485120
