1 0.580518 0.733594 0.420728 0.511281
1 0.648950 0.494187 0.701603 0.987588
1 0.885752 0.659426 0.228495 0.324653
1 0.409469 0.502762 0.221135 0.330437
1 0.157390 0.803846 0.314780 0.342686
1 0.157934 0.803827 0.315869 0.343120
1 0.157421 0.803425 0.314810 0.342389
1 0.492501 0.268567 0.237138 0.280689
1 0.856395 0.408934 0.287211 0.283286
1 0.856807 0.408802 0.286386 0.284209
1 0.885377 0.659030 0.229246 0.326102
1 0.840425 0.158345 0.302465 0.316689
1 0.622989 0.075991 0.426066 0.151981
1 0.642670 0.507752 0.352261 0.276877
1 0.554407 0.074888 0.289030 0.149764
1 0.840305 0.158262 0.301627 0.316525
1 0.652812 0.076518 0.491942 0.153036
1 0.670976 0.247398 0.198527 0.299849
1 0.671851 0.247575 0.200023 0.300476
