1 0.092442 0.393100 0.160566 0.217933
1 0.499211 0.499941 0.998422 0.997630
1 0.092958 0.393240 0.161720 0.218159
1 0.092859 0.393239 0.161252 0.219800
1 0.539774 0.911594 0.303164 0.176813
1 0.099048 0.758963 0.189550 0.325841
1 0.781408 0.385504 0.350756 0.237524
1 0.351603 0.107561 0.093235 0.134328
1 0.859946 0.817222 0.280107 0.365506
1 0.613879 0.220404 0.164743 0.189543
1 0.600607 0.632955 0.329802 0.424071
1 0.250332 0.151694 0.124475 0.198164
1 0.320982 0.780261 0.268283 0.342809
1 0.782445 0.385553 0.350321 0.237392
1 0.373016 0.515138 0.161377 0.214549
1 0.866250 0.566236 0.222966 0.205842
1 0.197875 0.551786 0.199540 0.285911
1 0.197156 0.551868 0.201225 0.286250
1 0.438549 0.224706 0.639438 0.448996
1 0.219057 0.569266 0.149750 0.172372
