1 0.671434 0.585078 0.168788 0.143933
1 0.279086 0.276737 0.244209 0.297979
1 0.704339 0.317947 0.518383 0.496508
1 0.162956 0.475100 0.253704 0.261163
1 0.411427 0.524338 0.271426 0.227685
1 0.707264 0.316732 0.516908 0.494262
1 0.712309 0.318936 0.529683 0.496936
1 0.163182 0.475155 0.253241 0.261024
1 0.527520 0.280997 0.254768 0.272662
1 0.451061 0.727382 0.251272 0.260887
1 0.450954 0.727458 0.251648 0.259955
1 0.451191 0.727283 0.251274 0.260973
1 0.189791 0.740483 0.260686 0.290432
1 0.189971 0.740104 0.260349 0.290194
1 0.189895 0.740108 0.260659 0.290149
