1 0.451927 0.770349 0.197764 0.252267
1 0.775487 0.360152 0.263919 0.348277
1 0.774619 0.360406 0.266331 0.346853
1 0.296914 0.773310 0.164411 0.297925
1 0.809092 0.575806 0.124948 0.164186
1 0.672310 0.519587 0.135402 0.137731
1 0.491419 0.501772 0.982839 0.954738
1 0.104983 0.276324 0.136605 0.179582
1 0.547226 0.453837 0.229736 0.189067
1 0.572294 0.252560 0.217053 0.253428
1 0.672341 0.519152 0.135266 0.136147
1 0.137497 0.153149 0.070761 0.095026
1 0.390033 0.395631 0.100382 0.141162
1 0.396475 0.086366 0.072270 0.079732
1 0.571378 0.669020 0.101553 0.138314
1 0.058149 0.184803 0.116299 0.152961
1 0.143836 0.713261 0.146241 0.199717
1 0.579594 0.790273 0.070560 0.104497
1 0.547170 0.453665 0.230941 0.188960
1 0.368953 0.315063 0.237078 0.250787
1 0.219927 0.193245 0.102573 0.138549
1 0.195734 0.821713 0.087033 0.130642
1 0.668529 0.682384 0.104356 0.130025
1 0.379963 0.609578 0.096039 0.118167
1 0.479801 0.604212 0.104266 0.111988
1 0.201839 0.550971 0.156100 0.222147
1 0.741402 0.645117 0.089714 0.129961
