1 0.775266 0.635287 0.449468 0.463502
1 0.593582 0.935077 0.232699 0.129847
1 0.734874 0.888253 0.530252 0.223494
1 0.857895 0.309736 0.273905 0.206722
1 0.732188 0.034767 0.120463 0.069533
1 0.306844 0.775418 0.173357 0.172109
1 0.749202 0.886694 0.501596 0.226583
1 0.067389 0.988621 0.134779 0.022757
1 0.439437 0.679750 0.160925 0.172827
1 0.671574 0.143259 0.128644 0.136081
1 0.497836 0.338210 0.249959 0.285367
1 0.891207 0.124711 0.217298 0.229894
1 0.581300 0.529995 0.159618 0.144776
1 0.339482 0.639101 0.237437 0.179276
1 0.645822 0.256414 0.180675 0.117478
1 0.124681 0.786109 0.182003 0.157971
1 0.234433 0.376915 0.266842 0.298655
1 0.015304 0.712406 0.030566 0.154353
1 0.074025 0.578922 0.145474 0.147823
1 0.500000 0.498882 0.999744 0.996882
