1 0.694453 0.807699 0.128983 0.140535
1 0.915544 0.491257 0.085518 0.091943
1 0.935086 0.413978 0.088570 0.092592
1 0.942799 0.648946 0.114402 0.136733
1 0.881022 0.682054 0.134277 0.121624
1 0.718039 0.475998 0.081500 0.126612
1 0.148744 0.657372 0.111667 0.195589
1 0.654099 0.414589 0.095602 0.120712
1 0.823702 0.377029 0.102832 0.104861
1 0.779918 0.517738 0.113380 0.156237
1 0.805391 0.432488 0.081785 0.096245
1 0.374786 0.695712 0.103946 0.138319
1 0.602284 0.660130 0.086655 0.143622
1 0.903288 0.774259 0.145788 0.178870
1 0.540236 0.368546 0.118909 0.116302
1 0.151253 0.530651 0.042248 0.060348
1 0.639733 0.612925 0.096531 0.178318
1 0.244867 0.691133 0.134189 0.151417
1 0.499469 0.678943 0.143866 0.148626
1 0.077802 0.667260 0.034102 0.067167
1 0.369658 0.348464 0.164856 0.156873
1 0.322742 0.448382 0.137528 0.171978
1 0.476408 0.443909 0.154780 0.120043
1 0.376148 0.527994 0.655712 0.517052
