1 0.254743 0.550255 0.364314 0.410946
1 0.514532 0.646379 0.258955 0.368357
1 0.514853 0.646425 0.259326 0.368463
1 0.248579 0.256125 0.248408 0.288814
1 0.893642 0.241028 0.212421 0.370182
1 0.946531 0.870247 0.106937 0.259507
1 0.728849 0.751764 0.211515 0.270577
1 0.576278 0.202570 0.215267 0.312707
1 0.444805 0.224387 0.094368 0.191395
1 0.075881 0.594653 0.090541 0.195077
1 0.576275 0.201615 0.215547 0.312854
1 0.724230 0.294383 0.160824 0.219752
1 0.728846 0.751908 0.211791 0.270882
1 0.444530 0.224186 0.093640 0.189723
1 0.781385 0.107234 0.168492 0.211417
1 0.551894 0.059802 0.161742 0.119585
