1 0.440947 0.553496 0.227136 0.333790
1 0.273307 0.246794 0.373981 0.391184
1 0.273206 0.246782 0.373021 0.392772
1 0.248237 0.526926 0.199304 0.315361
1 0.802467 0.778724 0.127427 0.174166
1 0.542073 0.365134 0.163282 0.278420
1 0.813220 0.537708 0.124880 0.164274
1 0.156118 0.781609 0.138267 0.189207
1 0.542485 0.367323 0.162576 0.279553
1 0.499074 0.899027 0.190793 0.201945
1 0.400022 0.426425 0.117997 0.100709
1 0.739493 0.442929 0.108511 0.156341
1 0.935852 0.768416 0.128296 0.196459
1 0.865448 0.462685 0.122264 0.178805
1 0.653075 0.914181 0.152524 0.171638
1 0.630226 0.507187 0.134772 0.155766
1 0.617566 0.623700 0.140627 0.178014
1 0.301084 0.874321 0.165103 0.250914
1 0.315574 0.895103 0.134395 0.209795
1 0.292606 0.848675 0.147393 0.196993
