1 0.737084 0.619598 0.476425 0.363825
1 0.177692 0.784519 0.260475 0.229918
1 0.374418 0.403647 0.402128 0.740919
1 0.532222 0.765854 0.177693 0.114281
1 0.135405 0.627608 0.168719 0.140059
1 0.372486 0.403281 0.404263 0.736553
1 0.532106 0.765991 0.179418 0.114285
1 0.377390 0.819186 0.152207 0.129626
1 0.522554 0.871310 0.177925 0.177393
1 0.134347 0.627029 0.169622 0.137744
1 0.522317 0.871438 0.177333 0.177626
1 0.211900 0.574249 0.133635 0.147753
1 0.779239 0.574768 0.186175 0.133505
1 0.732606 0.893722 0.088876 0.131431
1 0.711342 0.870445 0.273625 0.202428
1 0.798159 0.576690 0.221818 0.139732
1 0.632278 0.920079 0.114530 0.105701
1 0.211398 0.567843 0.134298 0.134368
1 0.248844 0.889612 0.193196 0.149189
1 0.368772 0.636720 0.264231 0.272245
1 0.369077 0.637034 0.263271 0.269570
