1 0.894931 0.895757 0.208836 0.208485
1 0.921453 0.224534 0.111243 0.162511
1 0.745511 0.524011 0.106822 0.185038
1 0.644664 0.092820 0.149217 0.185641
1 0.323855 0.040323 0.107944 0.080645
1 0.858857 0.298271 0.159672 0.225140
1 0.211384 0.915878 0.114939 0.168243
1 0.238923 0.735903 0.082071 0.149274
1 0.303456 0.150596 0.130047 0.151593
1 0.689324 0.874528 0.122481 0.182222
1 0.058464 0.174040 0.116928 0.220232
1 0.083923 0.882276 0.124995 0.184947
1 0.580502 0.734587 0.161184 0.207531
1 0.768132 0.051824 0.112766 0.103648
1 0.764544 0.681130 0.097254 0.185409
1 0.868539 0.684623 0.134713 0.219893
1 0.374606 0.500314 0.158166 0.243488
1 0.768518 0.051975 0.112592 0.103949
1 0.500116 0.502606 0.999768 0.994788
1 0.510490 0.150397 0.152717 0.189044
1 0.323526 0.040299 0.107614 0.080599
1 0.488864 0.630118 0.126581 0.204561
1 0.951110 0.550358 0.097781 0.171514
1 0.110266 0.589684 0.102139 0.186981
1 0.334650 0.301234 0.108675 0.206973
1 0.771806 0.359481 0.091780 0.154653
1 0.410933 0.301359 0.110011 0.186762
1 0.495739 0.406602 0.113985 0.168136
1 0.083644 0.881919 0.125410 0.184979
1 0.818024 0.212014 0.091063 0.092842
1 0.570715 0.253308 0.131872 0.184182
1 0.199218 0.617115 0.096335 0.153505
1 0.985195 0.098064 0.029610 0.196129
1 0.165811 0.128063 0.162962 0.226455
1 0.439603 0.939360 0.144828 0.121280
1 0.165485 0.127858 0.164430 0.226897
