1 0.663186 0.464571 0.245798 0.351454
1 0.663238 0.464697 0.245925 0.351573
1 0.599944 0.218034 0.168940 0.270332
1 0.412420 0.449490 0.210592 0.316307
1 0.316334 0.677122 0.156235 0.236760
1 0.230742 0.557854 0.146278 0.184097
1 0.600261 0.217615 0.168101 0.268752
1 0.385150 0.168366 0.157988 0.223440
1 0.495191 0.243439 0.119263 0.195079
1 0.460532 0.507155 0.634091 0.918859
1 0.221456 0.344404 0.163693 0.252742
1 0.495155 0.715375 0.222929 0.294684
1 0.253527 0.187168 0.098227 0.106986
1 0.441305 0.188842 0.271918 0.304941
1 0.441658 0.189498 0.272011 0.306951
1 0.538140 0.422369 0.046550 0.113942
1 0.384281 0.164379 0.158381 0.228314
