1 0.478440 0.438079 0.201999 0.532820
1 0.893740 0.666053 0.183174 0.303654
1 0.769052 0.265810 0.117926 0.222158
1 0.478391 0.437306 0.201486 0.533917
1 0.282336 0.258267 0.279323 0.515078
1 0.281978 0.258029 0.279689 0.515065
1 0.880213 0.221713 0.113214 0.215374
1 0.030583 0.240843 0.052690 0.177686
1 0.960754 0.343738 0.078492 0.181097
1 0.100177 0.196198 0.100033 0.216845
1 0.403479 0.820427 0.166396 0.339560
1 0.615862 0.727646 0.213656 0.544708
1 0.841714 0.416513 0.154327 0.212378
1 0.617132 0.727698 0.214256 0.544604
1 0.096307 0.059468 0.176691 0.118936
1 0.400451 0.039104 0.080677 0.076652
1 0.962214 0.518780 0.075573 0.234533
1 0.912131 0.065454 0.120384 0.129217
1 0.554954 0.158402 0.389694 0.316804
1 0.243113 0.502208 0.480756 0.992846
1 0.965711 0.184905 0.068578 0.174789
1 0.616617 0.728608 0.213541 0.542784
1 0.841034 0.416467 0.155347 0.212606
1 0.689129 0.370440 0.121381 0.268576
1 0.054359 0.395893 0.096546 0.224275
1 0.054444 0.396939 0.096002 0.225780
1 0.048346 0.432302 0.070426 0.153861
1 0.795283 0.082122 0.113967 0.163404
1 0.912283 0.064791 0.120366 0.128835
1 0.252570 0.714232 0.324927 0.563971
1 0.965626 0.184267 0.068747 0.173505
