1 0.175710 0.608540 0.351420 0.505975
1 0.525975 0.779103 0.334679 0.440032
1 0.922811 0.775992 0.154379 0.214077
1 0.977625 0.520648 0.044751 0.222146
1 0.903424 0.378157 0.122894 0.153289
1 0.922766 0.777130 0.154467 0.214150
1 0.792618 0.215780 0.179127 0.189361
1 0.625476 0.159984 0.153722 0.224524
1 0.368952 0.479924 0.138665 0.183249
1 0.326658 0.905170 0.119793 0.119460
1 0.333505 0.325376 0.162167 0.198975
1 0.332819 0.325770 0.162660 0.197569
1 0.811171 0.857469 0.110268 0.214305
1 0.781022 0.703914 0.144204 0.160494
1 0.449824 0.568687 0.107343 0.107495
1 0.369179 0.480099 0.138399 0.183744
1 0.499951 0.502291 0.999787 0.994997
1 0.637401 0.511912 0.123623 0.146407
1 0.078748 0.801412 0.157493 0.395983
1 0.152529 0.330723 0.246507 0.195780
1 0.862529 0.622737 0.149553 0.171315
1 0.734392 0.645332 0.090773 0.130022
1 0.734334 0.847891 0.066743 0.128545
1 0.078745 0.801171 0.157485 0.396816
1 0.232582 0.863999 0.098314 0.108920
1 0.900555 0.499322 0.095223 0.094738
1 0.800101 0.459417 0.091484 0.087702
1 0.745798 0.517979 0.103918 0.135791
1 0.745073 0.396248 0.092078 0.105428
