1 0.962993 0.886655 0.074013 0.226689
1 0.600093 0.936524 0.147833 0.126952
1 0.957763 0.275721 0.084474 0.113212
1 0.297736 0.232284 0.098303 0.182047
1 0.750182 0.692742 0.124779 0.173917
1 0.331184 0.925503 0.084422 0.148993
1 0.189303 0.217391 0.159963 0.247250
1 0.524597 0.259153 0.104508 0.187264
1 0.189498 0.217212 0.159729 0.246027
1 0.820284 0.527100 0.208161 0.233531
1 0.591482 0.524617 0.150613 0.177143
1 0.982642 0.186268 0.034716 0.104485
1 0.056363 0.158272 0.112726 0.229797
1 0.499908 0.501719 0.999816 0.996562
1 0.308395 0.463955 0.124469 0.109736
1 0.493163 0.376926 0.108854 0.111346
