1 0.787443 0.409715 0.223174 0.338809
1 0.907015 0.240264 0.185244 0.311240
1 0.475982 0.111578 0.202201 0.222315
1 0.675588 0.077697 0.306862 0.155167
1 0.938092 0.820239 0.123817 0.354376
1 0.283761 0.630615 0.250396 0.328275
1 0.116703 0.242332 0.167850 0.231758
1 0.700806 0.270029 0.195623 0.201803
1 0.319216 0.276270 0.225213 0.312935
1 0.706335 0.887021 0.206324 0.225957
1 0.547067 0.400181 0.227905 0.325851
1 0.254905 0.071620 0.168308 0.142973
1 0.391622 0.488739 0.100562 0.159680
1 0.499335 0.503210 0.998669 0.993580
1 0.205553 0.890987 0.174338 0.218025
1 0.073853 0.961838 0.147705 0.076324
1 0.562116 0.736378 0.203659 0.331445
