1 0.543444 0.326857 0.243200 0.315939
1 0.227815 0.706349 0.243566 0.448274
1 0.662079 0.195971 0.234583 0.314441
1 0.472239 0.670710 0.241175 0.414405
1 0.308901 0.314299 0.235654 0.454026
1 0.823469 0.491791 0.175651 0.301218
1 0.913312 0.682410 0.125169 0.233128
1 0.436454 0.170169 0.149141 0.198483
1 0.654337 0.523170 0.208101 0.352056
1 0.500985 0.507780 0.993423 0.984440
1 0.552542 0.089566 0.121079 0.163687
1 0.748201 0.303516 0.076355 0.172337
1 0.436353 0.171827 0.149504 0.201185
1 0.686240 0.934245 0.177250 0.131511
1 0.317604 0.948300 0.224814 0.103400
1 0.317075 0.948689 0.223950 0.102623
1 0.217278 0.177325 0.152302 0.251853
1 0.095094 0.396530 0.166136 0.388412
1 0.217575 0.177633 0.149510 0.251074
1 0.038997 0.056633 0.077962 0.110789
1 0.396345 0.051210 0.209748 0.099009
1 0.583585 0.796639 0.177572 0.243500
1 0.583207 0.797232 0.177876 0.242504
1 0.685413 0.933905 0.176326 0.132190
1 0.583065 0.796220 0.177224 0.242292
1 0.779172 0.753147 0.211000 0.306728
