1 0.427903 0.456682 0.223385 0.272591
1 0.336462 0.193997 0.323608 0.309812
1 0.255539 0.662868 0.128320 0.128413
1 0.266357 0.423365 0.166094 0.256999
1 0.427802 0.749279 0.162822 0.206106
1 0.427874 0.749088 0.162654 0.206428
1 0.336654 0.195042 0.324321 0.309992
1 0.798867 0.488705 0.107383 0.134884
1 0.154265 0.625315 0.128026 0.180841
1 0.626377 0.453570 0.124213 0.146736
1 0.759773 0.404147 0.094682 0.111199
1 0.871817 0.446864 0.111311 0.168363
1 0.870061 0.686546 0.151664 0.163872
1 0.553117 0.795274 0.140042 0.201039
1 0.583235 0.528575 0.125616 0.131864
1 0.256017 0.722799 0.122591 0.181046
1 0.571978 0.297203 0.142466 0.179416
1 0.729656 0.682404 0.122608 0.152033
1 0.600919 0.301045 0.201437 0.187799
1 0.553484 0.795591 0.140607 0.202184
