1 0.097078 0.343432 0.193921 0.330394
1 0.097128 0.343627 0.193982 0.329488
1 0.895757 0.826977 0.208486 0.346046
1 0.392463 0.091960 0.218203 0.181993
1 0.296926 0.293426 0.210089 0.280175
1 0.119648 0.116078 0.210437 0.229675
1 0.119612 0.116281 0.210515 0.229877
1 0.603235 0.155444 0.189218 0.306874
1 0.479316 0.293179 0.170629 0.363387
1 0.685705 0.793682 0.229627 0.353756
1 0.771545 0.137249 0.162778 0.235780
1 0.092997 0.651778 0.185619 0.558508
1 0.283391 0.806689 0.213170 0.332367
1 0.404313 0.937299 0.200485 0.125403
1 0.362151 0.534007 0.190455 0.287947
1 0.483460 0.752456 0.190265 0.319614
1 0.362264 0.533855 0.190874 0.287859
1 0.207087 0.533306 0.154288 0.231070
1 0.755655 0.637018 0.163530 0.211258
1 0.601272 0.510276 0.184954 0.351912
1 0.755175 0.637927 0.163378 0.210836
1 0.093284 0.651387 0.185975 0.563031
1 0.784685 0.940865 0.174558 0.118269
1 0.903455 0.629912 0.126603 0.107445
1 0.771521 0.137390 0.162435 0.236609
1 0.685512 0.794794 0.230103 0.358435
1 0.205599 0.534325 0.156876 0.232605
1 0.743912 0.376975 0.259278 0.271935
1 0.767911 0.376813 0.210480 0.270156
1 0.404003 0.937465 0.200748 0.125070
1 0.173445 0.953543 0.224452 0.092913
1 0.601322 0.511131 0.185250 0.351650
