1 0.615413 0.356394 0.069133 0.312474
1 0.375504 0.256280 0.342567 0.504096
1 0.363480 0.738317 0.301381 0.520954
1 0.502717 0.435078 0.063042 0.129315
1 0.557472 0.480669 0.089584 0.255531
1 0.539561 0.415078 0.223304 0.433250
1 0.375424 0.255360 0.343233 0.502183
1 0.423411 0.501703 0.444763 0.993446
1 0.435198 0.154997 0.219466 0.301595
1 0.480228 0.467652 0.098380 0.293273
1 0.565235 0.645728 0.122547 0.291978
1 0.435530 0.154780 0.219536 0.300209
1 0.561910 0.647554 0.129266 0.290069
1 0.730719 0.231671 0.355806 0.460985
1 0.390597 0.830440 0.244782 0.338004
1 0.480879 0.470024 0.101018 0.300367
1 0.391740 0.831112 0.241662 0.337776
1 0.392226 0.831284 0.240563 0.337431
1 0.561731 0.648996 0.130380 0.298479
