1 0.443086 0.192199 0.204494 0.230987
1 0.609686 0.222706 0.272981 0.271154
1 0.609287 0.223092 0.271950 0.271247
1 0.443534 0.192090 0.204755 0.230330
1 0.487615 0.501320 0.947127 0.845460
1 0.317678 0.366716 0.277875 0.255993
1 0.486973 0.505765 0.948630 0.859456
1 0.185684 0.482808 0.201977 0.169674
1 0.317598 0.366183 0.277313 0.256950
1 0.557044 0.454288 0.263139 0.234361
1 0.377954 0.554141 0.158966 0.125288
1 0.739761 0.322419 0.164030 0.236986
1 0.145864 0.618382 0.243688 0.262675
1 0.274942 0.724202 0.310807 0.323669
1 0.493609 0.779593 0.253105 0.273253
1 0.557764 0.633386 0.239354 0.127940
1 0.739282 0.322636 0.165772 0.238571
1 0.557301 0.633591 0.238905 0.128242
1 0.273108 0.724483 0.311873 0.324531
