1 0.555883 0.268351 0.383151 0.536703
1 0.126098 0.434478 0.252195 0.867418
1 0.335737 0.715617 0.475885 0.568767
1 0.768213 0.721174 0.384408 0.557652
1 0.277212 0.274481 0.249255 0.458406
1 0.861554 0.219407 0.276892 0.438813
1 0.277182 0.274455 0.249877 0.458241
1 0.919744 0.536982 0.160512 0.276426
1 0.656229 0.496895 0.209588 0.278729
1 0.656294 0.498065 0.209515 0.281028
1 0.052133 0.900950 0.104202 0.198099
1 0.126331 0.170317 0.252507 0.338852
1 0.126146 0.171921 0.251986 0.341323
1 0.499799 0.500049 0.999598 0.999902
