1 0.954620 0.644965 0.090711 0.308474
1 0.664569 0.584659 0.187631 0.292396
1 0.878566 0.489491 0.183630 0.292512
1 0.525263 0.283241 0.138872 0.186556
1 0.317174 0.786146 0.221498 0.332814
1 0.562358 0.469140 0.167219 0.232117
1 0.385814 0.304184 0.172229 0.184895
1 0.542846 0.806559 0.216569 0.351919
1 0.804752 0.368355 0.154798 0.225373
1 0.981373 0.442471 0.037170 0.150547
1 0.176287 0.124139 0.131357 0.183733
1 0.343814 0.451064 0.243760 0.311678
1 0.343934 0.450738 0.244436 0.315347
1 0.362034 0.176513 0.115918 0.147030
1 0.315704 0.074458 0.082170 0.147520
1 0.313859 0.374769 0.163414 0.156692
