1 0.506544 0.162212 0.279156 0.322510
1 0.363230 0.396011 0.324363 0.352144
1 0.506539 0.161816 0.278336 0.321803
1 0.363040 0.396049 0.325068 0.354085
1 0.680780 0.371385 0.285711 0.332845
1 0.250465 0.207355 0.266903 0.284732
1 0.487427 0.460986 0.951891 0.906520
1 0.715150 0.070428 0.188069 0.140521
1 0.700539 0.070599 0.219846 0.140456
1 0.105567 0.359964 0.208405 0.190170
1 0.782819 0.703827 0.153310 0.176458
1 0.312551 0.782837 0.261586 0.254483
1 0.249970 0.207345 0.266929 0.285811
1 0.139405 0.397656 0.142648 0.111851
