1 0.840733 0.636928 0.188094 0.410823
1 0.387131 0.805793 0.416232 0.388413
1 0.614625 0.591143 0.299961 0.596829
1 0.614392 0.590962 0.300259 0.597625
1 0.745235 0.919142 0.280481 0.160642
1 0.744483 0.919053 0.281849 0.161202
1 0.423871 0.357910 0.161424 0.295155
1 0.252093 0.541893 0.274385 0.403006
1 0.636820 0.306090 0.252783 0.358847
1 0.094824 0.755460 0.189648 0.485216
1 0.251808 0.537916 0.273748 0.397120
1 0.095084 0.754881 0.190086 0.487161
1 0.094607 0.755911 0.189215 0.484643
1 0.441014 0.558922 0.118598 0.209583
1 0.047703 0.628937 0.095406 0.322670
1 0.047095 0.654318 0.094189 0.369394
1 0.791398 0.233625 0.088151 0.154485
1 0.229938 0.661079 0.095352 0.180249
1 0.808135 0.534364 0.110149 0.169285
1 0.865193 0.416668 0.138081 0.157994
