1 0.866838 0.677240 0.266212 0.481534
1 0.602735 0.733634 0.282512 0.487699
1 0.244229 0.248357 0.118055 0.279499
1 0.111567 0.410083 0.223134 0.302013
1 0.135716 0.186322 0.175437 0.203901
1 0.434075 0.269348 0.359842 0.453558
1 0.500603 0.504781 0.998793 0.990438
1 0.434679 0.269356 0.359778 0.453845
1 0.866593 0.677437 0.266620 0.480931
1 0.914020 0.158470 0.171959 0.314165
1 0.294926 0.667115 0.498590 0.501515
1 0.751603 0.417578 0.334853 0.389805
1 0.396329 0.681666 0.292925 0.466696
1 0.243000 0.253914 0.115820 0.288191
1 0.288776 0.061432 0.227190 0.120842
1 0.589663 0.115691 0.325015 0.229555
1 0.590566 0.115127 0.322576 0.229076
1 0.135058 0.185804 0.174934 0.203394
1 0.395223 0.681028 0.294150 0.466707
1 0.029403 0.225235 0.058806 0.124717
