1 0.732459 0.378002 0.231510 0.169546
1 0.378506 0.345804 0.446258 0.536722
1 0.732532 0.377664 0.231036 0.167649
1 0.859495 0.572752 0.146938 0.237640
1 0.130485 0.635407 0.104951 0.148774
1 0.071522 0.786685 0.056649 0.101306
1 0.731391 0.707709 0.068377 0.096016
1 0.333762 0.757967 0.098348 0.139825
1 0.779511 0.847582 0.075610 0.125437
1 0.859762 0.571807 0.146234 0.235537
1 0.859981 0.571979 0.145834 0.234521
1 0.705899 0.860642 0.080917 0.133059
1 0.772954 0.734261 0.075436 0.106723
1 0.277973 0.656728 0.075250 0.111174
1 0.788487 0.643782 0.066524 0.068142
1 0.590426 0.529397 0.109000 0.138480
1 0.472061 0.550448 0.079731 0.217035
1 0.952548 0.746246 0.056636 0.094439
1 0.860557 0.684837 0.070063 0.111584
1 0.642131 0.895627 0.069348 0.101697
1 0.559282 0.414791 0.169342 0.132522
1 0.705630 0.860699 0.081022 0.132909
1 0.530222 0.514085 0.918902 0.885831
1 0.405282 0.622163 0.148140 0.198042
