1 0.511811 0.898016 0.260687 0.203969
1 0.232842 0.863090 0.300416 0.273820
1 0.715465 0.077957 0.222913 0.155859
1 0.936907 0.833304 0.126187 0.259583
1 0.242157 0.660263 0.251456 0.219260
1 0.062265 0.834617 0.124529 0.285076
1 0.232530 0.864079 0.302229 0.271594
1 0.216828 0.101321 0.217943 0.199023
1 0.054816 0.602912 0.109632 0.193948
1 0.936866 0.833180 0.126268 0.260067
1 0.522782 0.662730 0.260167 0.269638
1 0.742335 0.326491 0.233588 0.254894
1 0.937107 0.269657 0.125786 0.230896
1 0.383040 0.466196 0.272834 0.278528
1 0.965089 0.645485 0.069821 0.142339
1 0.497924 0.320159 0.200599 0.163765
1 0.598783 0.194593 0.227106 0.238877
1 0.901597 0.461337 0.196420 0.221163
1 0.216701 0.103338 0.217227 0.199102
1 0.161793 0.402232 0.231676 0.268221
1 0.770828 0.596505 0.244637 0.239785
1 0.113018 0.233920 0.223812 0.287276
1 0.345200 0.223830 0.210622 0.217510
1 0.426670 0.097265 0.210182 0.194243
1 0.619907 0.446770 0.209863 0.245823
1 0.734814 0.817981 0.264390 0.263809
1 0.735411 0.817539 0.263321 0.263366
1 0.735128 0.817905 0.263607 0.264160
1 0.846493 0.160050 0.201124 0.214377
