1 0.863522 0.417493 0.122497 0.176531
1 0.442489 0.607842 0.306587 0.356854
1 0.244414 0.417111 0.118839 0.188835
1 0.424761 0.481931 0.266574 0.443805
1 0.423604 0.482697 0.263147 0.443731
1 0.169190 0.462620 0.301363 0.348337
1 0.541814 0.272698 0.059322 0.082566
1 0.169008 0.462812 0.298941 0.348942
1 0.423351 0.483263 0.259352 0.444209
1 0.164273 0.462161 0.301672 0.343768
1 0.928535 0.563248 0.142906 0.282934
1 0.390862 0.552525 0.416178 0.474448
1 0.332268 0.713339 0.038308 0.060406
1 0.120368 0.596362 0.237329 0.259943
1 0.442211 0.607797 0.307171 0.354789
1 0.284539 0.747358 0.044376 0.093140
1 0.385987 0.556692 0.401145 0.466624
1 0.744452 0.577468 0.219580 0.305665
1 0.120077 0.594685 0.237337 0.261534
