1 0.203479 0.515808 0.237767 0.332523
1 0.366575 0.534093 0.159640 0.281974
1 0.697411 0.469943 0.135679 0.284989
1 0.588141 0.198780 0.191494 0.319970
1 0.697538 0.469897 0.136151 0.285165
1 0.543609 0.441721 0.193482 0.389148
1 0.656305 0.706576 0.181782 0.352114
1 0.368623 0.260132 0.419027 0.354358
1 0.433694 0.710023 0.205841 0.375399
1 0.433537 0.709281 0.206401 0.376167
1 0.339744 0.379194 0.512914 0.609798
1 0.429037 0.479175 0.679012 0.880066
1 0.365741 0.535718 0.159005 0.284191
1 0.339251 0.378570 0.512950 0.607350
