1 0.609669 0.681773 0.385092 0.484305
1 0.759184 0.224619 0.093348 0.161100
1 0.276482 0.826894 0.339618 0.344868
1 0.726263 0.087192 0.180804 0.166794
1 0.552810 0.247298 0.112375 0.108197
1 0.682359 0.248626 0.139681 0.182910
1 0.125091 0.572888 0.249299 0.324502
1 0.726405 0.086467 0.181151 0.165861
1 0.876604 0.216735 0.165703 0.229726
1 0.608006 0.146888 0.134822 0.116933
1 0.725980 0.085983 0.181047 0.166526
1 0.803905 0.422421 0.339323 0.259931
1 0.125204 0.573418 0.249331 0.324353
1 0.877375 0.216632 0.165064 0.228336
1 0.288868 0.411304 0.437017 0.292135
1 0.563613 0.368607 0.142397 0.180336
1 0.527758 0.961605 0.218071 0.076789
1 0.901689 0.635920 0.196580 0.228228
1 0.336354 0.544036 0.172796 0.261205
1 0.448517 0.112950 0.093832 0.089255
1 0.863185 0.852705 0.273510 0.294155
1 0.465406 0.209948 0.112115 0.162289
1 0.495452 0.511927 0.990905 0.973367
1 0.363212 0.181561 0.100810 0.174737
1 0.255322 0.505156 0.508765 0.477312
