1 0.764564 0.473094 0.164610 0.217397
1 0.764447 0.473469 0.164367 0.217053
1 0.692143 0.771329 0.085477 0.105306
1 0.748809 0.821510 0.088030 0.098949
1 0.604286 0.803599 0.095221 0.124176
1 0.447284 0.689411 0.095669 0.138532
1 0.420296 0.555013 0.088099 0.122257
1 0.594481 0.562088 0.083840 0.101688
1 0.651065 0.492562 0.076407 0.105871
1 0.539492 0.453605 0.096942 0.124196
1 0.539402 0.453105 0.096297 0.123227
1 0.657037 0.579951 0.048891 0.078549
1 0.508633 0.497898 0.900020 0.818482
1 0.499671 0.360491 0.211896 0.253414
1 0.688144 0.657015 0.059871 0.124495
1 0.621068 0.368984 0.104200 0.170795
1 0.621187 0.368815 0.104041 0.170297
1 0.821166 0.676834 0.218737 0.371721
1 0.512071 0.595403 0.083382 0.091718
1 0.420047 0.554934 0.088354 0.121908
1 0.650898 0.492625 0.075591 0.105463
1 0.517939 0.734002 0.128758 0.253037
1 0.613611 0.627965 0.060447 0.072659
1 0.748668 0.821560 0.088255 0.099073
1 0.636325 0.232157 0.096707 0.116938
1 0.517548 0.732805 0.128616 0.253315
1 0.621730 0.669371 0.157975 0.177558
1 0.775452 0.240012 0.088884 0.119300
1 0.532813 0.799571 0.053457 0.082929
1 0.622571 0.669800 0.156491 0.178405
1 0.532848 0.799748 0.053807 0.083842
