1 0.438382 0.507341 0.153690 0.123767
1 0.651153 0.752898 0.302314 0.182921
1 0.898401 0.658835 0.202470 0.230754
1 0.890578 0.497012 0.207439 0.126454
1 0.666839 0.551872 0.306969 0.234401
1 0.498259 0.554083 0.996164 0.822922
1 0.182665 0.665134 0.214523 0.183257
1 0.599435 0.414891 0.145624 0.089030
1 0.629738 0.318367 0.172877 0.119378
1 0.415401 0.658856 0.254958 0.182257
1 0.782973 0.410923 0.241605 0.104013
1 0.483472 0.435872 0.102309 0.088377
1 0.782713 0.410312 0.239680 0.104705
1 0.178176 0.342394 0.136589 0.099904
