1 0.688540 0.479399 0.075831 0.149241
1 0.523732 0.271604 0.101607 0.154776
1 0.467316 0.063448 0.102892 0.126896
1 0.610299 0.522250 0.116756 0.213137
1 0.638255 0.730832 0.146112 0.234183
1 0.172817 0.304510 0.103878 0.147988
1 0.364044 0.578958 0.072156 0.178625
1 0.656876 0.028034 0.106743 0.054326
1 0.078900 0.186786 0.106990 0.192250
1 0.186803 0.122217 0.133201 0.224701
1 0.376084 0.046389 0.105237 0.092096
1 0.499412 0.500000 0.997601 1.000000
1 0.636561 0.130594 0.099613 0.163227
1 0.944074 0.889806 0.111852 0.220387
1 0.625239 0.295013 0.122817 0.212058
1 0.145703 0.482627 0.100454 0.224900
1 0.831503 0.913881 0.132791 0.172239
1 0.964705 0.620804 0.070589 0.205478
1 0.847291 0.364981 0.126383 0.217869
1 0.301183 0.351701 0.120914 0.220760
1 0.581599 0.101444 0.071319 0.171999
1 0.756505 0.143217 0.143090 0.254582
1 0.412014 0.393293 0.111420 0.206692
1 0.451949 0.201105 0.111762 0.197565
