1 0.214181 0.594817 0.133906 0.148365
1 0.066001 0.742763 0.131956 0.258828
1 0.901989 0.749442 0.126031 0.183564
1 0.776958 0.717240 0.132614 0.197142
1 0.909402 0.644783 0.181197 0.206893
1 0.246440 0.503867 0.202805 0.158491
1 0.498821 0.410601 0.117819 0.158662
1 0.091593 0.606638 0.113880 0.097047
1 0.733696 0.453234 0.134345 0.163620
1 0.383079 0.390296 0.122918 0.154037
1 0.383492 0.390389 0.123482 0.154162
1 0.157344 0.680180 0.081627 0.115057
1 0.408252 0.602335 0.146291 0.179200
1 0.776524 0.717758 0.132584 0.197831
1 0.231688 0.765542 0.138099 0.207375
1 0.428777 0.517657 0.132768 0.124503
1 0.316540 0.658120 0.109980 0.164709
1 0.322643 0.335213 0.154312 0.196359
1 0.524805 0.797104 0.174772 0.230038
1 0.524629 0.797262 0.174865 0.229928
1 0.232048 0.765434 0.138629 0.206620
1 0.134882 0.834099 0.156411 0.199236
1 0.372859 0.788578 0.144615 0.200278
1 0.635685 0.332135 0.165154 0.186020
1 0.503344 0.657462 0.148906 0.151071
1 0.553371 0.526721 0.120741 0.157459
1 0.490513 0.341105 0.096707 0.053471
1 0.373198 0.788756 0.144876 0.200661
1 0.861017 0.521839 0.144537 0.151345
1 0.790070 0.586075 0.060907 0.097766
1 0.668837 0.563733 0.203001 0.163944
1 0.740101 0.562260 0.061599 0.157195
1 0.491626 0.341636 0.098482 0.053619
1 0.362445 0.492179 0.046016 0.079478
