1 0.900258 0.090334 0.188386 0.180668
1 0.937697 0.736403 0.117008 0.358142
1 0.447079 0.155466 0.190342 0.310932
1 0.880861 0.383974 0.229486 0.404035
1 0.614323 0.534661 0.367456 0.483132
1 0.774188 0.832699 0.288854 0.334601
1 0.614049 0.534467 0.368153 0.483649
1 0.654402 0.106483 0.292765 0.212966
1 0.614173 0.533907 0.367800 0.481843
1 0.654124 0.106358 0.292452 0.212716
1 0.498285 0.499345 0.995366 0.998690
1 0.315496 0.561136 0.157806 0.246381
1 0.459148 0.657746 0.147064 0.233412
1 0.698259 0.269317 0.211055 0.216380
1 0.207251 0.190277 0.181474 0.276568
