1 0.075456 0.736096 0.150911 0.526718
1 0.264353 0.402987 0.224547 0.459968
1 0.584725 0.356775 0.304413 0.558476
1 0.402831 0.279762 0.198283 0.556154
1 0.876974 0.570027 0.246053 0.670649
1 0.584117 0.357497 0.303779 0.557844
1 0.713141 0.787499 0.335605 0.425003
1 0.853335 0.198551 0.198891 0.315784
1 0.725546 0.143846 0.209790 0.284511
1 0.399973 0.770286 0.292863 0.459427
1 0.400031 0.770098 0.292713 0.459060
1 0.722517 0.439890 0.121660 0.308242
1 0.017290 0.416389 0.034579 0.246837
1 0.558549 0.050861 0.204218 0.100138
1 0.972236 0.157053 0.055528 0.304306
1 0.300369 0.082581 0.129865 0.165162
1 0.017478 0.450374 0.034956 0.351955
1 0.910296 0.034033 0.150813 0.064784
