1 0.548317 0.141095 0.114667 0.281017
1 0.804408 0.208022 0.249262 0.399994
1 0.433187 0.099957 0.160657 0.199914
1 0.390389 0.305958 0.305533 0.234859
1 0.143799 0.346783 0.213638 0.337246
1 0.287198 0.525611 0.297565 0.425556
1 0.284208 0.149477 0.159707 0.231951
1 0.286065 0.525897 0.298952 0.426897
1 0.918278 0.602453 0.163444 0.436423
1 0.574055 0.498347 0.222339 0.468793
1 0.433130 0.101035 0.159466 0.198733
1 0.856020 0.809795 0.243084 0.380409
1 0.286939 0.525619 0.296910 0.426079
1 0.855977 0.809961 0.242725 0.380078
