1 0.680347 0.576212 0.170139 0.390313
1 0.356357 0.599193 0.133646 0.180233
1 0.837030 0.620984 0.154530 0.217062
1 0.288905 0.515131 0.104377 0.117953
1 0.363934 0.812142 0.126191 0.191065
1 0.467264 0.600269 0.079455 0.147346
1 0.445058 0.446326 0.210010 0.334903
1 0.848016 0.737618 0.228171 0.252138
1 0.868848 0.736958 0.186356 0.249907
1 0.593507 0.824321 0.115314 0.173833
1 0.848075 0.739651 0.227795 0.246505
1 0.260730 0.620653 0.069419 0.104584
1 0.309724 0.273509 0.211807 0.425138
1 0.595468 0.632811 0.119051 0.184495
1 0.756749 0.520859 0.116780 0.189089
1 0.343390 0.711616 0.507840 0.284319
1 0.594859 0.634258 0.118249 0.185744
1 0.504092 0.598111 0.107645 0.154639
1 0.676939 0.777614 0.111893 0.173215
1 0.674566 0.761014 0.108994 0.141443
1 0.755557 0.521044 0.119411 0.187915
1 0.496961 0.598218 0.131066 0.153637
