1 0.794539 0.617568 0.316386 0.548107
1 0.937827 0.231246 0.124346 0.421682
1 0.754269 0.298004 0.248578 0.382213
1 0.926567 0.504558 0.146671 0.306810
1 0.962782 0.718158 0.074436 0.348837
1 0.654159 0.815963 0.320128 0.346826
1 0.926616 0.505372 0.146427 0.308334
1 0.937641 0.232400 0.124718 0.423356
1 0.595804 0.136932 0.176917 0.262405
1 0.170212 0.819641 0.340425 0.359284
1 0.509185 0.453570 0.258622 0.426142
1 0.432750 0.172989 0.208212 0.328680
1 0.886131 0.115384 0.149735 0.214031
1 0.783411 0.070633 0.201384 0.140523
1 0.783215 0.069096 0.201442 0.138192
1 0.075311 0.643809 0.150621 0.366799
1 0.178023 0.423559 0.355990 0.842453
1 0.221566 0.101142 0.150533 0.202284
1 0.045136 0.436454 0.090272 0.147737
