1 0.687809 0.104132 0.271052 0.197515
1 0.170255 0.200314 0.340509 0.254491
1 0.463802 0.098124 0.218289 0.137973
1 0.216601 0.905188 0.418983 0.189624
1 0.450795 0.242132 0.305092 0.211252
1 0.278745 0.341389 0.306333 0.183560
1 0.537344 0.424685 0.339321 0.195813
1 0.948362 0.939961 0.101536 0.120078
1 0.727409 0.279692 0.272692 0.216117
1 0.242829 0.497261 0.320478 0.174981
1 0.072648 0.402114 0.145296 0.183333
1 0.909479 0.260272 0.179445 0.189623
1 0.215548 0.905622 0.419612 0.188594
1 0.065250 0.402472 0.130500 0.181457
1 0.949631 0.126801 0.100027 0.132220
