1 0.078583 0.203072 0.157152 0.326353
1 0.538373 0.131750 0.121551 0.229473
1 0.583946 0.351320 0.218835 0.222277
1 0.978377 0.146740 0.043245 0.243572
1 0.913239 0.922923 0.173119 0.154153
1 0.533734 0.943818 0.175515 0.112363
1 0.182013 0.445104 0.233100 0.302143
1 0.054703 0.530962 0.109354 0.262157
1 0.370109 0.387809 0.204430 0.291196
1 0.328866 0.651120 0.177449 0.222875
1 0.992003 0.851663 0.015995 0.113036
1 0.588835 0.892292 0.162942 0.155186
1 0.711769 0.762874 0.183850 0.243960
1 0.537882 0.130886 0.121864 0.228038
1 0.489266 0.728020 0.202362 0.255486
1 0.093701 0.712548 0.183506 0.280099
1 0.924022 0.049498 0.151955 0.098996
1 0.878113 0.744878 0.184237 0.225189
1 0.237559 0.171837 0.175807 0.251508
1 0.967192 0.673290 0.065617 0.240108
1 0.181763 0.444636 0.233467 0.302228
1 0.641233 0.575845 0.193393 0.245712
1 0.192337 0.025816 0.187394 0.051341
1 0.762953 0.508041 0.090667 0.191925
1 0.499694 0.499521 0.999387 0.998237
1 0.192647 0.025809 0.189842 0.051615
1 0.500000 0.499317 1.000000 0.998025
1 0.728020 0.936162 0.198889 0.127677
1 0.741049 0.425501 0.110686 0.119145
1 0.409931 0.154439 0.176590 0.232986
1 0.807889 0.280808 0.200898 0.251680
