1 0.043693 0.155049 0.087385 0.309372
1 0.828625 0.662568 0.111721 0.214532
1 0.320092 0.741103 0.081576 0.145028
1 0.167869 0.145209 0.159109 0.289647
1 0.346308 0.326064 0.120025 0.200342
1 0.588165 0.837253 0.255335 0.325137
1 0.312777 0.834597 0.193895 0.330806
1 0.346180 0.326083 0.119712 0.199950
1 0.144110 0.832316 0.224715 0.334510
1 0.014317 0.342873 0.028634 0.080688
1 0.946162 0.264889 0.107675 0.446387
1 0.450947 0.215019 0.115521 0.171145
1 0.958999 0.937922 0.059649 0.124157
1 0.828581 0.662944 0.111315 0.216271
1 0.520124 0.494077 0.091322 0.133095
1 0.336252 0.113286 0.179363 0.226573
1 0.337572 0.978781 0.058298 0.042438
1 0.261844 0.256209 0.085920 0.151574
1 0.101840 0.356535 0.149540 0.237035
1 0.447496 0.980114 0.077077 0.039772
1 0.438265 0.822932 0.100960 0.171718
1 0.366094 0.468005 0.070382 0.092175
1 0.102063 0.356593 0.148981 0.236044
1 0.879613 0.863201 0.081308 0.140459
1 0.769917 0.376072 0.081263 0.153866
1 0.184900 0.436216 0.197155 0.274312
1 0.119819 0.515481 0.066969 0.113168
1 0.227544 0.626429 0.189881 0.260704
1 0.561769 0.661993 0.123347 0.104015
1 0.016296 0.931703 0.032555 0.136594
1 0.359622 0.595640 0.108691 0.191977
1 0.447819 0.980226 0.075937 0.039548
1 0.725016 0.276616 0.077910 0.128565
1 0.670455 0.053964 0.055832 0.106075
