1 0.802176 0.715949 0.218936 0.318638
1 0.922421 0.169313 0.155045 0.335815
1 0.922311 0.170091 0.155347 0.336605
1 0.946488 0.654691 0.106977 0.317220
1 0.877767 0.434599 0.171563 0.262027
1 0.802205 0.716492 0.219046 0.318884
1 0.527096 0.926277 0.160134 0.147445
1 0.692057 0.914499 0.175916 0.171002
1 0.975424 0.391773 0.049151 0.215630
1 0.278632 0.242785 0.168740 0.261836
1 0.278423 0.242307 0.168560 0.260758
1 0.148097 0.313427 0.295286 0.625577
1 0.440428 0.287473 0.168480 0.252195
1 0.365940 0.085870 0.163331 0.169997
1 0.689632 0.209090 0.073212 0.104054
1 0.587528 0.209171 0.144248 0.246059
1 0.440418 0.286801 0.167914 0.252706
1 0.583812 0.555017 0.441672 0.636145
1 0.551821 0.541201 0.257843 0.311332
1 0.533285 0.412549 0.322093 0.248899
1 0.817625 0.217716 0.055749 0.085461
1 0.587090 0.209175 0.144879 0.248094
1 0.376093 0.683735 0.238442 0.387431
1 0.477372 0.501996 0.954743 0.995536
1 0.440301 0.287726 0.168187 0.251876
