1 0.249951 0.778630 0.236079 0.339928
1 0.262095 0.540321 0.270844 0.215750
1 0.425104 0.610306 0.306359 0.319153
1 0.426139 0.610425 0.306573 0.317089
1 0.371416 0.836922 0.177935 0.226808
1 0.524845 0.841396 0.131633 0.167731
1 0.262142 0.539239 0.270167 0.216059
1 0.215607 0.551240 0.178567 0.190819
1 0.265734 0.369346 0.150139 0.168731
1 0.487896 0.600609 0.167446 0.192566
1 0.653926 0.212230 0.150189 0.185388
1 0.488444 0.600795 0.167053 0.191872
1 0.266535 0.368473 0.151556 0.168144
1 0.729631 0.555336 0.209506 0.574195
1 0.442708 0.320966 0.327308 0.290114
1 0.339580 0.211301 0.064144 0.076188
1 0.363915 0.601126 0.183155 0.295562
1 0.442375 0.321049 0.327156 0.288969
1 0.548461 0.704707 0.062486 0.102068
