1 0.749917 0.504466 0.189702 0.278595
1 0.944256 0.557580 0.111487 0.325335
1 0.309586 0.600050 0.154397 0.281804
1 0.578671 0.300639 0.131400 0.181814
1 0.145620 0.510522 0.290912 0.405547
1 0.944279 0.558704 0.111442 0.329343
1 0.240345 0.861231 0.186838 0.277537
1 0.507763 0.597477 0.152331 0.254514
1 0.578544 0.301387 0.131785 0.182297
1 0.641112 0.620254 0.122800 0.286488
1 0.833164 0.341292 0.146857 0.224799
1 0.949966 0.287338 0.098296 0.181685
1 0.829317 0.880473 0.328452 0.239054
1 0.859198 0.678160 0.151938 0.232739
1 0.202824 0.535709 0.122980 0.200968
1 0.640808 0.621102 0.122179 0.288351
1 0.068419 0.779698 0.136535 0.245327
1 0.374744 0.649305 0.115178 0.286633
1 0.373293 0.649362 0.117901 0.291297
1 0.067431 0.781688 0.134673 0.242059
1 0.332232 0.630389 0.200803 0.337230
1 0.145494 0.624313 0.290940 0.653566
1 0.432526 0.227963 0.170285 0.251927
1 0.148507 0.150574 0.293694 0.301147
1 0.648885 0.808341 0.157193 0.207754
1 0.717286 0.151979 0.206506 0.298023
1 0.410046 0.045231 0.120123 0.090238
1 0.876386 0.112365 0.082500 0.107622
1 0.499521 0.502659 0.999041 0.994681
1 0.485833 0.809268 0.047286 0.075176
