1 0.592405 0.638937 0.194721 0.682092
1 0.082271 0.246151 0.164541 0.490169
1 0.593445 0.644033 0.192126 0.681121
1 0.788432 0.599950 0.170640 0.223455
1 0.337660 0.425722 0.123554 0.191006
1 0.593734 0.504543 0.342057 0.840141
1 0.337505 0.422358 0.123546 0.197778
1 0.699791 0.617174 0.077594 0.667166
1 0.401062 0.687864 0.325316 0.624272
1 0.589010 0.524036 0.339613 0.865329
1 0.084983 0.612339 0.169966 0.360707
1 0.588894 0.526661 0.344562 0.871485
1 0.326176 0.168969 0.360569 0.332283
1 0.809745 0.223012 0.141119 0.143415
1 0.809705 0.223863 0.141611 0.144739
1 0.499605 0.500091 0.999209 0.997156
1 0.855759 0.814097 0.288482 0.371806
