1 0.508973 0.095160 0.157280 0.188469
1 0.500000 0.503860 1.000000 0.992280
1 0.871498 0.204114 0.165811 0.237355
1 0.058770 0.104418 0.117540 0.204514
1 0.174638 0.395583 0.138636 0.202011
1 0.051388 0.830945 0.102776 0.210196
1 0.790757 0.090333 0.133286 0.176362
1 0.986147 0.910837 0.027433 0.178325
1 0.905620 0.043739 0.132143 0.086611
1 0.972650 0.262663 0.054699 0.200195
1 0.984928 0.442038 0.030144 0.198168
1 0.280279 0.053413 0.138414 0.106826
1 0.060780 0.473952 0.121561 0.134721
1 0.393145 0.045353 0.086378 0.090696
1 0.257584 0.291143 0.147508 0.222872
1 0.166578 0.203399 0.142207 0.181269
1 0.170410 0.769623 0.128231 0.183769
1 0.950317 0.737834 0.099366 0.199314
1 0.167497 0.594304 0.140541 0.218889
1 0.980527 0.081126 0.038945 0.161504
1 0.503730 0.696882 0.145805 0.204526
1 0.306568 0.126872 0.125330 0.147577
1 0.528537 0.496690 0.154081 0.233937
1 0.129039 0.055358 0.154481 0.110716
1 0.917324 0.366495 0.093566 0.143583
1 0.052325 0.621508 0.104650 0.228386
1 0.665358 0.082189 0.143708 0.163643
