1 0.268545 0.344608 0.173802 0.150894
1 0.882506 0.372165 0.181714 0.218734
1 0.097527 0.479876 0.183991 0.231308
1 0.799996 0.760852 0.277487 0.364679
1 0.315614 0.268305 0.133109 0.154548
1 0.572797 0.338315 0.148284 0.170797
1 0.438545 0.280137 0.132069 0.113412
1 0.716691 0.395388 0.154661 0.188425
1 0.171178 0.629410 0.221036 0.309592
1 0.169161 0.275029 0.154845 0.188168
1 0.097496 0.479500 0.184943 0.229664
1 0.397214 0.597068 0.203669 0.279662
1 0.716723 0.395097 0.155116 0.188216
1 0.429451 0.384434 0.158657 0.164276
1 0.593049 0.641124 0.214682 0.287400
1 0.396776 0.597394 0.204632 0.279637
1 0.171155 0.628913 0.220912 0.310211
1 0.772355 0.516415 0.188476 0.196769
1 0.273215 0.480023 0.164339 0.181226
1 0.547938 0.466888 0.173253 0.154211
1 0.547935 0.466841 0.172928 0.154151
1 0.429568 0.384734 0.158996 0.164560
1 0.169706 0.274446 0.156196 0.190178
1 0.315792 0.268538 0.132476 0.155640
1 0.479061 0.587032 0.956349 0.818852
1 0.024523 0.971836 0.049046 0.054304
