1 0.142526 0.857591 0.169659 0.173792
1 0.670736 0.523289 0.127867 0.174564
1 0.482689 0.586750 0.847958 0.790533
1 0.846645 0.749602 0.118465 0.172085
1 0.797956 0.549006 0.129075 0.172196
1 0.295364 0.794629 0.160842 0.188758
1 0.769557 0.827122 0.144706 0.199055
1 0.816043 0.408019 0.113710 0.145674
1 0.166604 0.687232 0.169870 0.179389
1 0.189178 0.531544 0.147709 0.145243
1 0.539782 0.884740 0.120265 0.120647
1 0.798151 0.548482 0.128257 0.171924
1 0.816110 0.408109 0.113921 0.145748
1 0.196021 0.379115 0.135392 0.156115
1 0.616874 0.745824 0.118850 0.205621
1 0.188753 0.288361 0.059630 0.061266
1 0.196176 0.378804 0.135763 0.155473
1 0.265653 0.269222 0.105197 0.176902
1 0.189097 0.289035 0.059762 0.061085
1 0.288503 0.907613 0.128845 0.069283
1 0.668594 0.891262 0.135778 0.124934
1 0.387427 0.292864 0.133775 0.146518
1 0.539914 0.884774 0.120525 0.121434
1 0.420115 0.858887 0.137366 0.169304
1 0.696995 0.376533 0.123965 0.165058
1 0.719671 0.666591 0.130620 0.151316
1 0.696713 0.376705 0.122469 0.165395
1 0.562557 0.444380 0.123235 0.132060
1 0.407026 0.450281 0.091066 0.169910
1 0.668460 0.891238 0.136022 0.125212
1 0.511793 0.333056 0.129424 0.160164
1 0.409196 0.682286 0.122156 0.179144
1 0.616805 0.746561 0.118042 0.205552
1 0.464562 0.542411 0.120149 0.155243
1 0.309925 0.602020 0.145253 0.195338
1 0.566252 0.585092 0.112791 0.157978
