1 0.473252 0.206277 0.125674 0.193398
1 0.564662 0.551358 0.829399 0.897284
1 0.228421 0.829018 0.152160 0.206434
1 0.357572 0.386128 0.140035 0.197111
1 0.475353 0.206358 0.129591 0.193199
1 0.542935 0.287172 0.141675 0.208244
1 0.357202 0.387325 0.140042 0.196260
1 0.221549 0.644520 0.127002 0.219594
1 0.396527 0.580403 0.146190 0.201870
1 0.275823 0.519841 0.148255 0.205958
1 0.513173 0.458431 0.146723 0.180697
1 0.326722 0.723870 0.110392 0.180521
1 0.587122 0.922792 0.163485 0.154416
1 0.795187 0.702368 0.184367 0.256071
1 0.434438 0.746078 0.135760 0.197617
1 0.513439 0.456724 0.147308 0.178347
1 0.639945 0.364482 0.126692 0.203351
1 0.718514 0.881077 0.155516 0.237847
1 0.587795 0.922944 0.163405 0.154113
1 0.736594 0.216147 0.143929 0.197182
1 0.639995 0.364217 0.127123 0.203100
1 0.373500 0.917411 0.139314 0.165178
1 0.635590 0.192299 0.097615 0.147683
1 0.911483 0.503968 0.074759 0.114700
1 0.554752 0.634326 0.170984 0.236476
1 0.795327 0.702052 0.183081 0.255703
1 0.663807 0.576262 0.128469 0.227754
1 0.736173 0.216350 0.143763 0.198006
1 0.471340 0.927722 0.071296 0.144557
1 0.587458 0.922382 0.163186 0.155236
1 0.635317 0.192777 0.097141 0.148559
1 0.663975 0.575583 0.128788 0.227459
