1 0.722208 0.513326 0.248746 0.327058
1 0.408258 0.454115 0.383122 0.512843
1 0.491981 0.674426 0.122978 0.156579
1 0.593842 0.636572 0.104962 0.170632
1 0.491374 0.674480 0.121817 0.156988
1 0.500469 0.474862 0.855210 0.563620
1 0.870315 0.621388 0.111542 0.160489
1 0.406192 0.448580 0.382451 0.501304
1 0.231154 0.663437 0.108962 0.136141
1 0.231132 0.663671 0.108445 0.135798
1 0.189536 0.549826 0.097078 0.098886
1 0.507342 0.419732 0.177250 0.380226
1 0.134618 0.652656 0.113004 0.142940
1 0.134067 0.652484 0.112711 0.142935
1 0.181750 0.615684 0.207619 0.231161
1 0.550278 0.471945 0.746810 0.549473
1 0.356616 0.606078 0.228605 0.180121
