1 0.287732 0.272893 0.303162 0.296904
1 0.074127 0.177128 0.148240 0.298131
1 0.318825 0.938208 0.302607 0.123584
1 0.924343 0.910827 0.151270 0.178346
1 0.110379 0.482951 0.220757 0.336834
1 0.285124 0.086759 0.449673 0.173517
1 0.796289 0.315216 0.257612 0.333910
1 0.658837 0.942495 0.111697 0.115010
1 0.915124 0.552068 0.169706 0.265614
1 0.573557 0.180163 0.286359 0.276476
1 0.375125 0.106854 0.084960 0.084091
1 0.828513 0.079716 0.323613 0.159328
1 0.573283 0.180345 0.285892 0.276493
1 0.148275 0.814806 0.296550 0.312869
1 0.919484 0.753629 0.159776 0.149724
1 0.753504 0.789414 0.285696 0.305553
1 0.762827 0.984217 0.101966 0.031565
1 0.961686 0.352029 0.075585 0.128702
1 0.828480 0.079554 0.323475 0.159097
1 0.937647 0.189761 0.124706 0.218189
1 0.289216 0.515176 0.134750 0.118808
1 0.586099 0.020375 0.150935 0.040750
1 0.465482 0.047671 0.080072 0.075567
1 0.056890 0.971239 0.113780 0.057522
1 0.961835 0.351323 0.075519 0.127925
1 0.394586 0.039044 0.088920 0.077601
1 0.617321 0.982445 0.088220 0.035109
1 0.356725 0.819470 0.138775 0.152987
1 0.764526 0.983938 0.097118 0.032124
1 0.167781 0.128107 0.075053 0.088815
1 0.022576 0.724907 0.045153 0.269754
1 0.617521 0.982289 0.089109 0.035421
1 0.937694 0.189890 0.124532 0.217939
1 0.394690 0.039412 0.089269 0.077635
1 0.030270 0.017463 0.060511 0.034925
1 0.311022 0.034065 0.081511 0.068022
1 0.499565 0.498584 0.999129 0.996476
1 0.493149 0.932641 0.066914 0.073573
1 0.310173 0.688883 0.174749 0.229017
1 0.220329 0.658684 0.230733 0.224414
1 0.451898 0.836021 0.050087 0.064766
1 0.021752 0.656952 0.043505 0.093333
