1 0.328287 0.415831 0.295967 0.404607
1 0.557428 0.277111 0.135726 0.142042
1 0.507534 0.905799 0.203012 0.188184
1 0.919642 0.714314 0.160716 0.312648
1 0.050611 0.202486 0.101223 0.164753
1 0.742179 0.069839 0.152979 0.139678
1 0.760578 0.672917 0.150802 0.235593
1 0.812019 0.367899 0.121181 0.143358
1 0.248642 0.298581 0.162174 0.244834
1 0.145923 0.853884 0.288045 0.271782
1 0.667323 0.629961 0.222087 0.458276
1 0.141810 0.121714 0.209291 0.243427
1 0.630796 0.418552 0.207252 0.242579
1 0.885217 0.203210 0.142438 0.266348
1 0.087509 0.433219 0.174932 0.323857
1 0.483661 0.385506 0.083411 0.189358
1 0.948402 0.513242 0.103195 0.142491
1 0.359984 0.120587 0.224567 0.240743
1 0.732794 0.246057 0.154607 0.214682
1 0.142009 0.121829 0.209039 0.243640
1 0.033544 0.047193 0.067088 0.094386
1 0.411208 0.783268 0.223363 0.347346
1 0.022555 0.772486 0.045111 0.261111
1 0.411170 0.782646 0.223281 0.345811
1 0.535175 0.132332 0.159370 0.221781
1 0.911384 0.948008 0.128384 0.103984
1 0.120438 0.659257 0.193734 0.204171
1 0.120637 0.659123 0.194438 0.203571
1 0.886061 0.203191 0.140321 0.263658
1 0.022429 0.771186 0.044858 0.263808
1 0.661145 0.927471 0.109648 0.144721
1 0.499751 0.500184 0.999503 0.999261
1 0.961617 0.221172 0.076766 0.249448
1 0.961660 0.220927 0.076679 0.249529
1 0.133382 0.296260 0.085599 0.110421
1 0.826826 0.510215 0.161825 0.227698
1 0.121003 0.659199 0.193807 0.205818
1 0.022308 0.774604 0.044615 0.254729
1 0.835590 0.519311 0.142464 0.207628
1 0.220908 0.795592 0.113718 0.126993
1 0.090136 0.050372 0.180164 0.100744
1 0.760967 0.672900 0.150162 0.234385
1 0.445703 0.579337 0.157243 0.202039
1 0.296180 0.694790 0.171464 0.259495
1 0.783472 0.934249 0.139972 0.131503
1 0.907079 0.414026 0.169216 0.175552
