1 0.841815 0.254571 0.185983 0.264547
1 0.722298 0.134348 0.189931 0.246152
1 0.585216 0.725786 0.338327 0.453171
1 0.266741 0.717782 0.292537 0.564435
1 0.148991 0.637501 0.172813 0.557909
1 0.288019 0.301213 0.172240 0.305515
1 0.628663 0.361359 0.192634 0.427600
1 0.288190 0.301639 0.172449 0.305554
1 0.149447 0.636862 0.172631 0.558775
1 0.829311 0.473074 0.213732 0.643286
1 0.628581 0.359383 0.192058 0.433296
1 0.828612 0.481048 0.214362 0.627629
1 0.722543 0.311347 0.190801 0.599399
1 0.307293 0.089553 0.262416 0.178742
1 0.492771 0.500799 0.912930 0.984858
1 0.473229 0.358222 0.218383 0.670350
1 0.536987 0.114292 0.155307 0.228584
1 0.307712 0.090827 0.262757 0.180504
1 0.306817 0.090776 0.260715 0.181043
1 0.423000 0.108611 0.172989 0.172006
1 0.535386 0.114723 0.158766 0.229104
1 0.391369 0.578149 0.211833 0.502136
1 0.495841 0.504524 0.909600 0.987371
