1 0.051566 0.307658 0.103101 0.408866
1 0.228891 0.919315 0.192751 0.161371
1 0.899929 0.584926 0.199701 0.238910
1 0.484064 0.613690 0.236355 0.191710
1 0.872200 0.752613 0.255601 0.348233
1 0.419775 0.826332 0.196288 0.347336
1 0.900345 0.584324 0.199311 0.238321
1 0.766765 0.369608 0.415370 0.437917
1 0.585455 0.502182 0.089828 0.114172
1 0.276224 0.741503 0.231684 0.301445
1 0.276490 0.741941 0.231124 0.304192
1 0.276202 0.742114 0.231594 0.304139
1 0.657454 0.848311 0.364218 0.303378
1 0.769823 0.369801 0.407978 0.436092
1 0.118193 0.824472 0.092904 0.104083
1 0.685479 0.513835 0.095617 0.116234
1 0.727172 0.606414 0.093717 0.114872
1 0.615226 0.408837 0.088119 0.114970
1 0.756422 0.675591 0.064093 0.095855
1 0.112502 0.228516 0.067217 0.099045
1 0.634208 0.596246 0.089494 0.114746
1 0.927854 0.960899 0.144292 0.078201
1 0.068409 0.156241 0.064790 0.087125
1 0.736511 0.983953 0.121790 0.032093
1 0.145820 0.153445 0.070538 0.088304
1 0.499183 0.536047 0.998316 0.927907
1 0.183448 0.224720 0.079173 0.102438
