9 0.138802 0.509256 0.094871 0.953258
9 0.284793 0.504912 0.092312 0.947261
9 0.427816 0.501874 0.090676 0.952886
9 0.850773 0.505542 0.100704 0.949008
9 0.568767 0.505540 0.098343 0.949710
9 0.707870 0.504737 0.096419 0.949262
9 0.365421 0.360494 0.113916 0.698719
9 0.517045 0.362298 0.115823 0.695170
9 0.654844 0.358104 0.106646 0.704403
9 0.500000 0.479668 1.000000 0.942334
9 0.373558 0.493410 0.189202 0.936573
9 0.227077 0.501599 0.220571 0.933073
9 0.218652 0.364517 0.118076 0.689022
9 0.793558 0.356710 0.117271 0.705817
