9 0.328493 0.237573 0.132254 0.464001
9 0.643854 0.239931 0.140171 0.473118
9 0.481945 0.240906 0.136536 0.470413
9 0.484952 0.234458 0.456840 0.468892
9 0.656717 0.757648 0.133845 0.464873
9 0.340448 0.750594 0.132317 0.468234
9 0.493522 0.495750 0.474384 0.991287
9 0.340878 0.750481 0.131513 0.466760
9 0.504756 0.243220 0.085180 0.457602
9 0.493950 0.754340 0.134644 0.467061
9 0.659287 0.498041 0.135365 0.983625
9 0.518159 0.752084 0.082376 0.458616
9 0.350540 0.239733 0.084850 0.454932
9 0.680810 0.631085 0.086876 0.702567
9 0.678741 0.759037 0.083193 0.451432
