9 0.271496 0.531171 0.076295 0.796946
9 0.420681 0.615070 0.070331 0.632743
9 0.718898 0.506521 0.086976 0.853421
9 0.562740 0.549475 0.084213 0.755746
9 0.516006 0.510552 0.183003 0.886571
9 0.536503 0.513755 0.649089 0.937473
9 0.419239 0.356641 0.065417 0.571255
9 0.691766 0.581492 0.165452 0.716615
9 0.501794 0.546249 0.996412 0.907503
9 0.719460 0.373607 0.068040 0.458776
9 0.633467 0.519419 0.207670 0.838906
9 0.246741 0.508334 0.140138 0.891778
9 0.360514 0.514221 0.223339 0.850862
9 0.515916 0.543395 0.109542 0.731068
