9 0.184819 0.506121 0.166289 0.837469
9 0.609612 0.504903 0.162327 0.833228
9 0.821159 0.504773 0.157602 0.830917
9 0.396939 0.504676 0.164972 0.838914
9 0.183838 0.503662 0.168159 0.839503
9 0.822040 0.503786 0.160167 0.831769
9 0.612066 0.503661 0.165914 0.835807
9 0.399178 0.500987 0.164144 0.846739
9 0.401122 0.215753 0.104289 0.256610
9 0.499631 0.463986 0.999197 0.924664
9 0.188793 0.215624 0.102331 0.255892
9 0.612162 0.216853 0.101640 0.257351
9 0.719583 0.504378 0.386889 0.834909
9 0.824342 0.214928 0.107281 0.254958
9 0.292792 0.502263 0.386127 0.841739
