9 0.624872 0.225554 0.056115 0.105899
9 0.480790 0.345527 0.062353 0.127675
9 0.694699 0.369458 0.060815 0.130869
9 0.713703 0.510252 0.066428 0.098164
9 0.508700 0.468766 0.058315 0.113326
9 0.544191 0.282819 0.072280 0.136647
9 0.647218 0.292084 0.027050 0.044315
9 0.620791 0.375667 0.354455 0.581885
9 0.653316 0.194445 0.059759 0.137934
9 0.606037 0.539638 0.079168 0.133035
9 0.610812 0.529570 0.059496 0.110665
9 0.511838 0.472637 0.051908 0.106549
9 0.702701 0.152422 0.072720 0.138364
9 0.737498 0.417794 0.053280 0.109807
