9 0.676767 0.494150 0.122850 0.861814
9 0.349125 0.497445 0.096751 0.863049
9 0.480997 0.395940 0.072247 0.679116
9 0.442070 0.412451 0.043576 0.695770
9 0.548763 0.395048 0.070522 0.680664
9 0.419194 0.412253 0.085064 0.696216
9 0.609298 0.489761 0.102800 0.862388
9 0.515946 0.407705 0.045406 0.705135
9 0.542205 0.583387 0.082548 0.680895
9 0.505117 0.560674 0.119692 0.736539
9 0.621166 0.482307 0.215912 0.888296
9 0.604362 0.485559 0.617522 0.870563
9 0.446385 0.492191 0.115058 0.862720
9 0.551266 0.489111 0.169142 0.867105
