9 0.351836 0.319767 0.104628 0.407281
9 0.147988 0.775640 0.131645 0.219804
9 0.368524 0.793371 0.138096 0.189270
9 0.433190 0.320248 0.036120 0.432433
9 0.512781 0.479644 0.764614 0.794654
9 0.628768 0.697787 0.410417 0.313740
9 0.722923 0.551549 0.342003 0.549002
9 0.495318 0.740822 0.151852 0.281257
9 0.293385 0.325154 0.160544 0.335436
9 0.260678 0.427894 0.220912 0.183777
9 0.833655 0.268935 0.058451 0.055360
9 0.219778 0.555650 0.129529 0.226884
9 0.420878 0.694030 0.106732 0.354241
9 0.470746 0.409700 0.071990 0.429227
9 0.266003 0.784359 0.075692 0.101829
9 0.340918 0.413062 0.070910 0.154165
9 0.333641 0.240709 0.068517 0.242283
9 0.562108 0.609446 0.282915 0.138281
9 0.487831 0.185069 0.311110 0.060215
9 0.291971 0.324175 0.161419 0.331467
