9 0.512615 0.755462 0.091137 0.164539
9 0.431754 0.678142 0.075610 0.132828
9 0.546710 0.239527 0.081458 0.137912
9 0.552606 0.607084 0.089607 0.161147
9 0.467912 0.534711 0.080629 0.133979
9 0.592027 0.463707 0.088891 0.159569
9 0.626994 0.308458 0.078880 0.150597
9 0.506897 0.388682 0.078055 0.132698
9 0.422968 0.306075 0.093495 0.175183
9 0.466677 0.173383 0.078293 0.143441
9 0.490916 0.459448 0.373485 0.776213
9 0.490878 0.458631 0.375557 0.776270
9 0.490635 0.458506 0.374946 0.775627
9 0.354447 0.610304 0.077222 0.137824
9 0.400640 0.256553 0.049752 0.127910
9 0.387897 0.474282 0.083595 0.130956
9 0.343276 0.498659 0.019606 0.061682
