9 0.161270 0.510698 0.067642 0.909048
9 0.680932 0.510663 0.073646 0.901991
9 0.553560 0.496839 0.081482 0.920876
9 0.429660 0.511144 0.081880 0.908207
9 0.950083 0.504486 0.060326 0.894411
9 0.291596 0.566757 0.077464 0.770807
9 0.798002 0.507806 0.057140 0.918734
9 0.042046 0.506647 0.063945 0.893508
9 0.499333 0.487687 0.998510 0.975374
9 0.129052 0.495695 0.137395 0.926410
9 0.286156 0.682868 0.053184 0.556995
9 0.735204 0.507730 0.185175 0.928770
9 0.671545 0.715944 0.050167 0.513475
9 0.497427 0.497539 0.195243 0.919390
