9 0.677153 0.521735 0.085223 0.956530
9 0.557665 0.561423 0.076811 0.877154
9 0.239825 0.614775 0.143951 0.770450
9 0.328022 0.541876 0.094686 0.916249
9 0.479563 0.586731 0.081497 0.826538
9 0.618982 0.562654 0.062521 0.874692
9 0.427794 0.548702 0.058597 0.862116
9 0.367410 0.571750 0.061958 0.855565
9 0.771197 0.589454 0.116423 0.808317
9 0.755417 0.584039 0.041918 0.798840
9 0.748679 0.811298 0.063270 0.377405
9 0.752143 0.339866 0.036478 0.305899
9 0.747869 0.809549 0.063092 0.380902
9 0.748822 0.929866 0.062019 0.140269
9 0.319730 0.337832 0.034475 0.517789
9 0.380027 0.784869 0.037753 0.388369
9 0.478966 0.397071 0.050255 0.450447
