9 0.841802 0.651051 0.258844 0.697849
9 0.592080 0.617184 0.301523 0.763264
9 0.842076 0.651051 0.257031 0.697037
9 0.257565 0.590149 0.319113 0.818735
9 0.251088 0.565756 0.190327 0.626137
9 0.486159 0.563778 0.336035 0.871734
9 0.252949 0.556130 0.185240 0.602641
9 0.819776 0.497385 0.359399 0.983961
9 0.751969 0.454755 0.217221 0.635747
9 0.514794 0.958967 0.260659 0.082066
9 0.519482 0.549119 0.934219 0.900281
9 0.389199 0.423171 0.168737 0.667716
9 0.271093 0.551021 0.339349 0.896719
9 0.501332 0.498327 0.994948 0.995033
9 0.548671 0.355198 0.197960 0.239386
9 0.635721 0.714284 0.165292 0.571432
9 0.383103 0.178356 0.116926 0.165027
