5 0.255699 0.513795 0.309887 0.440043
5 0.731934 0.596759 0.190394 0.274424
5 0.419144 0.142978 0.040401 0.071920
5 0.522569 0.552638 0.196749 0.269732
5 0.880980 0.142925 0.051154 0.075425
5 0.255864 0.511706 0.310779 0.441131
5 0.731953 0.596546 0.190409 0.274672
5 0.735135 0.431763 0.201612 0.288131
5 0.522301 0.551296 0.196008 0.271888
5 0.441184 0.142199 0.084956 0.074090
5 0.310711 0.392824 0.197777 0.200856
5 0.452078 0.140570 0.030343 0.074229
5 0.626895 0.141760 0.028996 0.074002
5 0.657967 0.142888 0.038971 0.073340
5 0.594564 0.140556 0.045539 0.075758
5 0.960901 0.367445 0.078198 0.212132
5 0.310546 0.392812 0.197960 0.200193
5 0.264028 0.149482 0.035371 0.064402
5 0.960829 0.368104 0.078343 0.210786
5 0.526281 0.350235 0.200241 0.201538
5 0.253949 0.607371 0.305734 0.247700
5 0.735852 0.413742 0.200375 0.252599
