5 0.274530 0.289555 0.354915 0.532321
5 0.897060 0.646654 0.205879 0.526711
5 0.688418 0.859159 0.337596 0.281683
5 0.619562 0.458825 0.352006 0.537695
5 0.083217 0.582765 0.166435 0.518147
5 0.058577 0.155308 0.117128 0.308349
5 0.340607 0.799319 0.316099 0.401363
5 0.939046 0.955025 0.121908 0.089950
5 0.106126 0.907553 0.212252 0.184894
5 0.535913 0.137545 0.334647 0.272695
5 0.879406 0.162140 0.241149 0.321371
5 0.534889 0.140477 0.331213 0.275888
5 0.859239 0.194680 0.280586 0.388263
5 0.858336 0.193958 0.283328 0.384659
5 0.938698 0.955822 0.122605 0.088356
5 0.241076 0.299246 0.131001 0.153303
5 0.942028 0.687829 0.114603 0.179490
5 0.125665 0.585341 0.249624 0.524345
