5 0.873129 0.374851 0.253742 0.749437
5 0.237683 0.487164 0.179100 0.413727
5 0.390920 0.602696 0.184901 0.447571
5 0.070654 0.557830 0.141308 0.497616
5 0.212267 0.633719 0.168614 0.363590
5 0.929842 0.676273 0.140316 0.408362
5 0.634022 0.451756 0.219162 0.654996
5 0.236962 0.487488 0.179638 0.417777
5 0.391134 0.602314 0.184634 0.448291
5 0.930060 0.727792 0.139823 0.294632
5 0.565944 0.562303 0.172332 0.504646
5 0.212249 0.633338 0.169471 0.361065
5 0.413432 0.502286 0.158856 0.357944
5 0.155233 0.853910 0.297628 0.292180
5 0.741504 0.526727 0.187077 0.560587
5 0.566426 0.562136 0.172090 0.502835
5 0.741440 0.527616 0.187525 0.562405
5 0.411806 0.506201 0.152037 0.354342
5 0.930066 0.726107 0.139833 0.293464
5 0.633483 0.451184 0.219860 0.650890
5 0.067017 0.422785 0.133987 0.225565
5 0.422157 0.268429 0.182000 0.204701
5 0.632864 0.226055 0.219347 0.200945
