5 0.805348 0.680310 0.389303 0.639381
5 0.488939 0.873329 0.249906 0.253342
5 0.648779 0.379967 0.202338 0.344330
5 0.352868 0.379521 0.203497 0.348903
5 0.496678 0.560830 0.227702 0.410296
5 0.313686 0.763042 0.242913 0.462368
5 0.167571 0.542379 0.227227 0.377347
5 0.167276 0.544158 0.226028 0.382286
5 0.128078 0.116343 0.156996 0.227517
5 0.963489 0.179196 0.072888 0.223686
5 0.314222 0.762400 0.243171 0.462391
5 0.232272 0.234975 0.183607 0.302077
5 0.081791 0.363150 0.163581 0.321976
5 0.502382 0.225867 0.179182 0.280776
5 0.675749 0.735683 0.238615 0.396372
5 0.128084 0.117814 0.156660 0.233453
5 0.648491 0.378878 0.202360 0.341645
5 0.802544 0.521537 0.192872 0.335309
5 0.379492 0.109170 0.159484 0.215249
5 0.489046 0.872751 0.250494 0.254497
5 0.775158 0.228288 0.181060 0.281943
5 0.505143 0.047859 0.110791 0.092909
5 0.802746 0.520701 0.191695 0.335177
5 0.179108 0.710600 0.357887 0.576634
5 0.379327 0.108236 0.158665 0.210746
5 0.775093 0.227520 0.181177 0.278110
5 0.802316 0.520850 0.192214 0.334185
5 0.257337 0.047897 0.104749 0.093830
5 0.675891 0.733505 0.239427 0.391077
5 0.027998 0.210165 0.055928 0.291129
5 0.873128 0.092560 0.153792 0.185121
5 0.974111 0.044375 0.051570 0.086130
5 0.633007 0.109909 0.157561 0.214300
5 0.918868 0.319714 0.162012 0.207700
5 0.030681 0.187748 0.061253 0.356257
5 0.633102 0.106654 0.155679 0.208557
5 0.499563 0.500000 0.999125 1.000000
