5 0.711409 0.753907 0.203121 0.293324
5 0.711328 0.754035 0.203876 0.293753
5 0.280985 0.799174 0.219520 0.343753
5 0.492988 0.202520 0.217193 0.339754
5 0.511793 0.785516 0.196163 0.276742
5 0.511718 0.785033 0.196088 0.275330
5 0.364588 0.519362 0.216605 0.305618
5 0.364477 0.519570 0.216584 0.304803
5 0.606689 0.510164 0.202809 0.278558
5 0.606526 0.510436 0.203310 0.279124
5 0.705275 0.943851 0.165256 0.105039
5 0.513294 0.814809 0.110235 0.170724
5 0.491981 0.504469 0.052631 0.262731
5 0.491348 0.507523 0.053536 0.270869
