5 0.842613 0.488929 0.076616 0.231785
5 0.163675 0.473163 0.088799 0.366129
5 0.163751 0.473375 0.088963 0.364904
5 0.243641 0.517469 0.117856 0.308653
5 0.243681 0.516704 0.118314 0.306894
5 0.843198 0.489352 0.075910 0.230067
5 0.249379 0.262709 0.107326 0.156809
5 0.756458 0.422644 0.096893 0.291933
5 0.511709 0.398719 0.097033 0.266531
5 0.400159 0.425228 0.083754 0.390419
5 0.689456 0.438784 0.085477 0.251800
5 0.400197 0.424869 0.083516 0.391531
5 0.757117 0.336204 0.096873 0.119568
5 0.776593 0.472501 0.062822 0.270140
5 0.298960 0.672204 0.184573 0.116202
5 0.332025 0.421041 0.076382 0.402625
5 0.569766 0.346888 0.076641 0.359136
5 0.274650 0.346748 0.045288 0.072981
5 0.629765 0.404931 0.049477 0.238177
5 0.756007 0.425977 0.098461 0.300035
5 0.298173 0.671657 0.185420 0.116478
5 0.155790 0.538005 0.066901 0.228456
5 0.575023 0.444461 0.040146 0.162651
5 0.666553 0.804101 0.065728 0.108238
5 0.457244 0.293967 0.082381 0.471542
