5 0.718307 0.776461 0.276316 0.319351
5 0.352803 0.138299 0.284478 0.271769
5 0.856503 0.479185 0.208971 0.439437
5 0.858544 0.827978 0.277102 0.329748
5 0.144710 0.636473 0.285688 0.458446
5 0.631540 0.162255 0.283031 0.192774
5 0.711542 0.586833 0.287201 0.426491
5 0.422982 0.600892 0.282687 0.465954
5 0.144851 0.637280 0.285653 0.460534
5 0.423005 0.601402 0.281952 0.464773
5 0.710567 0.586858 0.285451 0.426318
5 0.299073 0.303465 0.282471 0.271339
5 0.299781 0.302926 0.281895 0.271185
5 0.628009 0.273956 0.279628 0.265047
5 0.141056 0.343987 0.064115 0.131006
5 0.627478 0.274035 0.280750 0.265710
5 0.856837 0.396081 0.207012 0.274134
5 0.614492 0.698309 0.090541 0.200995
5 0.631896 0.160204 0.284079 0.189360
