5 0.623248 0.967045 0.236921 0.065910
5 0.938073 0.717744 0.123855 0.330377
5 0.202116 0.645015 0.293678 0.383193
5 0.720005 0.808852 0.320212 0.382295
5 0.864657 0.305242 0.253503 0.312673
5 0.596880 0.365656 0.269130 0.377667
5 0.166170 0.209788 0.247677 0.303686
5 0.319154 0.398962 0.268918 0.347517
5 0.920812 0.926408 0.158377 0.147183
5 0.089047 0.496549 0.177768 0.481415
5 0.505095 0.578033 0.305744 0.364103
5 0.802818 0.549887 0.292441 0.380071
5 0.677970 0.133033 0.233800 0.260831
5 0.202279 0.646004 0.293108 0.384250
5 0.089254 0.497250 0.178269 0.479540
5 0.090850 0.865367 0.181619 0.269265
5 0.902694 0.115534 0.194241 0.227413
5 0.401062 0.829689 0.312804 0.340622
5 0.419393 0.174905 0.242782 0.278186
5 0.986831 0.418667 0.026338 0.243546
5 0.276284 0.081622 0.200925 0.160939
5 0.803809 0.555275 0.292005 0.390093
