5 0.252541 0.280308 0.203913 0.375131
5 0.188918 0.483664 0.200714 0.315907
5 0.776255 0.288067 0.263973 0.358955
5 0.506285 0.256994 0.208508 0.353933
5 0.188983 0.483692 0.200623 0.316377
5 0.506356 0.257839 0.208894 0.355670
5 0.809707 0.514680 0.167578 0.303290
5 0.506321 0.257031 0.209170 0.353792
5 0.809648 0.515052 0.168194 0.303562
5 0.268059 0.791163 0.200439 0.288841
5 0.673400 0.382922 0.142412 0.179041
5 0.481174 0.712940 0.176590 0.251422
5 0.776281 0.288013 0.264138 0.357872
5 0.369797 0.427908 0.128072 0.184718
5 0.480080 0.508998 0.133595 0.213551
5 0.673244 0.382819 0.141227 0.178667
5 0.524011 0.414160 0.104021 0.250370
5 0.480161 0.508657 0.135113 0.215064
5 0.291516 0.401733 0.039105 0.135032
5 0.651494 0.546897 0.182707 0.243040
5 0.651334 0.547001 0.182741 0.241725
5 0.317671 0.565991 0.181326 0.145868
5 0.726404 0.724696 0.270096 0.229171
5 0.319019 0.581255 0.183929 0.177060
