5 0.106637 0.740252 0.038965 0.227400
5 0.595526 0.731105 0.038509 0.214051
5 0.893095 0.771303 0.041371 0.236672
5 0.486537 0.753704 0.050233 0.158912
5 0.167315 0.779841 0.048790 0.160969
5 0.407300 0.657022 0.106672 0.376631
5 0.140482 0.638148 0.048062 0.393447
5 0.407552 0.657051 0.106658 0.376016
5 0.813425 0.692535 0.037941 0.290103
5 0.673463 0.672142 0.113420 0.387921
5 0.853837 0.720074 0.065235 0.289961
5 0.761588 0.716557 0.067602 0.253920
5 0.212062 0.662817 0.103190 0.359537
5 0.309168 0.587773 0.110755 0.471342
5 0.584854 0.622421 0.077267 0.375582
5 0.787905 0.511988 0.054305 0.169414
5 0.140433 0.639216 0.049030 0.393917
5 0.741051 0.501969 0.057151 0.191595
5 0.717327 0.378568 0.120849 0.307628
5 0.281775 0.741343 0.059926 0.211800
5 0.584819 0.620327 0.076405 0.366408
5 0.409537 0.457150 0.108159 0.764021
5 0.338448 0.594801 0.051992 0.446273
