5 0.101981 0.396232 0.138068 0.377380
5 0.488353 0.210400 0.234851 0.417311
5 0.306139 0.187706 0.156653 0.316788
5 0.074972 0.773394 0.113602 0.378045
5 0.306211 0.187948 0.156493 0.316821
5 0.219242 0.176465 0.121245 0.348911
5 0.458738 0.608338 0.166760 0.265205
5 0.133694 0.106216 0.129311 0.210844
5 0.241494 0.588239 0.266093 0.523239
5 0.240958 0.588288 0.264643 0.523702
5 0.021668 0.410510 0.043331 0.362466
5 0.028827 0.097475 0.057654 0.186075
5 0.021620 0.432127 0.043240 0.312971
5 0.219165 0.178589 0.121113 0.351442
5 0.076012 0.776468 0.111822 0.374229
5 0.015374 0.243863 0.030728 0.156561
5 0.240484 0.587004 0.266103 0.525672
5 0.901542 0.899795 0.131191 0.200082
5 0.511343 0.213623 0.305078 0.424059
5 0.133803 0.107587 0.130768 0.210660
5 0.463029 0.610871 0.158246 0.270515
5 0.069009 0.249148 0.083189 0.202856
5 0.358581 0.035670 0.120435 0.069418
5 0.177421 0.847776 0.103319 0.304399
5 0.227929 0.845872 0.202801 0.306644
