5 0.891619 0.620306 0.215065 0.211959
5 0.503578 0.295860 0.200281 0.195976
5 0.191129 0.471892 0.213228 0.208224
5 0.810474 0.461843 0.210655 0.212238
5 0.109463 0.617563 0.217213 0.218304
5 0.616351 0.422884 0.194432 0.191255
5 0.302185 0.323307 0.209959 0.196461
5 0.309392 0.596010 0.185060 0.152142
5 0.692865 0.581485 0.189563 0.143011
5 0.393581 0.684719 0.216288 0.229818
5 0.407435 0.457412 0.178756 0.140962
5 0.302620 0.443028 0.210170 0.434152
5 0.407625 0.457243 0.179885 0.140006
5 0.849906 0.540982 0.290957 0.369694
5 0.304109 0.450997 0.211883 0.457215
