5 0.350459 0.320823 0.370323 0.511088
5 0.799903 0.454012 0.237196 0.274092
5 0.027737 0.852988 0.055474 0.221165
5 0.759075 0.302139 0.175401 0.106631
5 0.757277 0.325895 0.180987 0.157302
5 0.178446 0.928061 0.356892 0.143688
5 0.760088 0.301436 0.173945 0.105842
5 0.553408 0.367774 0.212843 0.364833
5 0.817471 0.628496 0.274569 0.247498
5 0.230633 0.506918 0.310834 0.475826
5 0.814777 0.625835 0.280055 0.254039
5 0.802960 0.482642 0.230816 0.181362
5 0.501911 0.545774 0.995774 0.908451
5 0.260102 0.629259 0.244662 0.220489
5 0.229349 0.508322 0.307279 0.481240
5 0.525381 0.488369 0.355550 0.538436
5 0.322204 0.700779 0.165728 0.123376
5 0.712386 0.682515 0.159827 0.133589
