5 0.545537 0.512614 0.448695 0.732097
5 0.242584 0.343489 0.201635 0.484787
5 0.546329 0.369587 0.449109 0.443918
5 0.068825 0.093131 0.137610 0.184521
5 0.550580 0.691150 0.405601 0.370952
5 0.243447 0.345375 0.201112 0.487563
5 0.549923 0.668994 0.410586 0.411158
5 0.350501 0.094225 0.112331 0.188451
5 0.235142 0.054783 0.132588 0.109565
5 0.185224 0.056062 0.234348 0.112123
5 0.028799 0.887032 0.057597 0.186416
5 0.108098 0.059728 0.055036 0.119456
5 0.550904 0.688448 0.406991 0.377373
5 0.076636 0.280906 0.153215 0.253261
5 0.177741 0.498536 0.355395 0.990854
5 0.603189 0.682388 0.121723 0.074570
5 0.087148 0.449053 0.174296 0.891478
5 0.025043 0.453391 0.050087 0.177903
