5 0.388677 0.539771 0.189858 0.353991
5 0.609933 0.186757 0.216735 0.183052
5 0.695898 0.608029 0.137353 0.400551
5 0.590845 0.459926 0.150540 0.203155
5 0.695974 0.608085 0.137311 0.400661
5 0.609594 0.186864 0.217106 0.181505
5 0.440666 0.273931 0.168835 0.184667
5 0.563403 0.264333 0.185965 0.173324
5 0.591547 0.460553 0.152434 0.210436
5 0.542865 0.669468 0.185106 0.348089
5 0.656895 0.340749 0.142949 0.142983
5 0.703578 0.503785 0.120319 0.188908
5 0.546269 0.326591 0.219317 0.299292
5 0.703405 0.505703 0.121307 0.191001
5 0.674958 0.686041 0.095156 0.244333
5 0.674018 0.686502 0.092972 0.244668
5 0.618412 0.418275 0.220306 0.296642
5 0.623925 0.345999 0.209170 0.153096
5 0.538282 0.232403 0.367009 0.273944
5 0.513173 0.382395 0.152017 0.149350
5 0.573509 0.160045 0.143162 0.128110
