5 0.281472 0.416314 0.177505 0.481010
5 0.773904 0.446065 0.179136 0.472793
5 0.774013 0.446297 0.178207 0.470611
5 0.859832 0.628224 0.128833 0.317582
5 0.859727 0.628358 0.128946 0.317286
5 0.194438 0.601178 0.130333 0.320833
5 0.194491 0.600536 0.130470 0.321071
5 0.403340 0.553180 0.195660 0.504595
5 0.651021 0.579056 0.193877 0.504763
5 0.403764 0.553384 0.195295 0.505834
5 0.555538 0.324259 0.189092 0.619778
5 0.650913 0.579141 0.193891 0.504074
5 0.561688 0.413643 0.177105 0.443222
5 0.555897 0.324991 0.189223 0.622572
5 0.533153 0.166713 0.140214 0.304535
5 0.802884 0.876243 0.173913 0.214141
