5 0.081521 0.583151 0.141791 0.173321
5 0.589754 0.443509 0.300297 0.209144
5 0.081456 0.583257 0.141353 0.173449
5 0.379908 0.376126 0.162388 0.265273
5 0.380221 0.375806 0.162352 0.264228
5 0.079855 0.739974 0.159710 0.248301
5 0.706253 0.393223 0.168845 0.265472
5 0.328697 0.726394 0.306473 0.260193
5 0.589978 0.443197 0.299816 0.209721
5 0.240281 0.398579 0.182643 0.277435
5 0.853468 0.638104 0.146925 0.274302
5 0.328131 0.726386 0.307729 0.260631
5 0.564660 0.688216 0.188871 0.305635
5 0.194874 0.678855 0.183822 0.301079
5 0.194813 0.678053 0.184644 0.300080
5 0.755114 0.686020 0.185271 0.311604
5 0.378983 0.669001 0.184439 0.280593
5 0.924256 0.665215 0.151489 0.319987
5 0.380858 0.719657 0.186842 0.381817
5 0.380693 0.725495 0.187378 0.394045
5 0.379538 0.585013 0.182282 0.113459
5 0.469456 0.854966 0.201449 0.135633
