5 0.416810 0.222895 0.108442 0.201397
5 0.208442 0.394833 0.123483 0.340108
5 0.212918 0.745947 0.136564 0.406344
5 0.814633 0.787447 0.122688 0.310901
5 0.208050 0.393906 0.124466 0.340959
5 0.454646 0.485339 0.118682 0.340050
5 0.340198 0.424892 0.108655 0.303769
5 0.765656 0.361603 0.101466 0.402881
5 0.577191 0.794814 0.115284 0.302822
5 0.340243 0.425552 0.108753 0.304456
5 0.822661 0.498892 0.114631 0.311284
5 0.694634 0.747400 0.123595 0.385672
5 0.822532 0.498746 0.114931 0.309842
5 0.696986 0.416294 0.107185 0.301157
5 0.697075 0.417225 0.106960 0.301988
5 0.765651 0.359091 0.100350 0.397950
5 0.340872 0.717664 0.120393 0.302911
5 0.526933 0.193335 0.116492 0.293750
5 0.462278 0.794479 0.119717 0.310401
5 0.580918 0.503693 0.107886 0.302927
5 0.580893 0.503351 0.107629 0.303155
5 0.282911 0.289279 0.101033 0.515382
5 0.526829 0.193156 0.116327 0.293147
5 0.764879 0.248388 0.099494 0.174890
5 0.642289 0.273917 0.120267 0.164475
5 0.341745 0.760276 0.126430 0.385191
5 0.543265 0.480740 0.065184 0.288534
5 0.282972 0.164180 0.100773 0.262408
5 0.642474 0.370784 0.120599 0.361065
5 0.642589 0.372108 0.121108 0.360799
5 0.544158 0.470832 0.068269 0.283411
5 0.632415 0.446404 0.032511 0.209694
5 0.544334 0.409242 0.066138 0.151386
5 0.278707 0.428779 0.027342 0.250774
5 0.816815 0.644873 0.128086 0.603246
5 0.416440 0.326539 0.108098 0.410084
5 0.211532 0.622051 0.129561 0.154540
5 0.816293 0.642686 0.126852 0.601869
5 0.282949 0.112867 0.098916 0.159639
5 0.694258 0.598828 0.122957 0.677088
5 0.209328 0.584342 0.139131 0.719038
5 0.342161 0.902300 0.126226 0.101313
