5 0.835631 0.709735 0.113270 0.352097
5 0.747331 0.784056 0.076072 0.265562
5 0.255050 0.700984 0.133092 0.407674
5 0.412238 0.809222 0.186947 0.260668
5 0.509954 0.651068 0.097374 0.149168
5 0.412144 0.809173 0.187462 0.260966
5 0.323737 0.576852 0.088569 0.324947
5 0.424684 0.362600 0.096989 0.160976
5 0.421551 0.206543 0.119339 0.316253
5 0.542867 0.805385 0.105461 0.210811
5 0.555178 0.465565 0.176725 0.466159
5 0.421553 0.207996 0.119132 0.320964
5 0.425976 0.576861 0.118953 0.289478
5 0.336856 0.365449 0.117058 0.271132
5 0.336761 0.422582 0.118498 0.384999
5 0.654636 0.882728 0.116252 0.153623
5 0.744118 0.474239 0.222256 0.396075
5 0.509695 0.738198 0.101863 0.323641
5 0.744378 0.587423 0.221864 0.623815
