5 0.430519 0.289732 0.255962 0.161694
5 0.758637 0.402723 0.152930 0.334298
5 0.483735 0.713081 0.278322 0.274738
5 0.675387 0.688928 0.142573 0.199779
5 0.245888 0.619680 0.234931 0.315780
5 0.602760 0.453025 0.235410 0.355920
5 0.414177 0.494138 0.222483 0.327511
5 0.699524 0.566568 0.085775 0.107073
5 0.249507 0.437639 0.101517 0.165126
5 0.675728 0.687921 0.142210 0.200283
5 0.561859 0.556641 0.147979 0.147740
5 0.329917 0.553605 0.402072 0.450100
5 0.318767 0.711557 0.096497 0.123535
5 0.772309 0.435949 0.124136 0.272140
5 0.735678 0.510351 0.100457 0.112468
5 0.292994 0.361514 0.188500 0.319008
