5 0.260402 0.330985 0.056145 0.193486
5 0.208179 0.834546 0.138518 0.206567
5 0.588957 0.746067 0.195837 0.420636
5 0.610285 0.287953 0.062393 0.239927
5 0.588980 0.745993 0.196628 0.421138
5 0.114548 0.262040 0.064758 0.213521
5 0.659699 0.471362 0.042661 0.169041
5 0.361052 0.557135 0.113342 0.315705
5 0.474253 0.240300 0.070715 0.228404
5 0.463481 0.573452 0.093170 0.290248
5 0.764764 0.143661 0.115919 0.282089
5 0.764858 0.143916 0.116188 0.282930
5 0.546689 0.333694 0.065960 0.141632
5 0.575879 0.471625 0.131272 0.161685
5 0.466750 0.497327 0.092193 0.133300
5 0.388676 0.217974 0.064951 0.121591
5 0.361690 0.328897 0.128734 0.167039
5 0.886513 0.224843 0.101262 0.228318
5 0.886493 0.222912 0.101208 0.224624
