5 0.730977 0.642908 0.172424 0.390063
5 0.265809 0.687446 0.182336 0.435828
5 0.439558 0.760682 0.135447 0.304719
5 0.586189 0.751615 0.144642 0.316304
5 0.265834 0.687380 0.183140 0.437170
5 0.439462 0.760306 0.135706 0.305158
5 0.642846 0.516812 0.118313 0.259438
5 0.585765 0.751454 0.145572 0.316382
5 0.293538 0.535156 0.133361 0.417596
5 0.293753 0.534485 0.134491 0.417022
5 0.422586 0.546804 0.099157 0.167606
5 0.286406 0.419109 0.118444 0.183980
5 0.542470 0.610476 0.101108 0.311255
5 0.310602 0.567930 0.080270 0.233631
5 0.730867 0.643168 0.172380 0.389821
5 0.515848 0.324007 0.139889 0.356157
5 0.420476 0.574808 0.102623 0.223011
5 0.364993 0.304672 0.142128 0.399637
5 0.288146 0.430606 0.124248 0.209342
