5 0.248865 0.595405 0.493903 0.271274
5 0.662712 0.792456 0.401884 0.415088
5 0.396583 0.862582 0.518963 0.273779
5 0.718762 0.564754 0.367091 0.391113
5 0.052281 0.932636 0.104563 0.134283
5 0.398428 0.862939 0.525318 0.274123
5 0.443563 0.938201 0.671047 0.123599
5 0.443487 0.938741 0.674749 0.122519
5 0.396575 0.863031 0.519614 0.273937
5 0.764322 0.931449 0.197053 0.137102
5 0.176660 0.215827 0.343104 0.430747
5 0.455777 0.445604 0.908413 0.891065
5 0.661049 0.791473 0.401624 0.417054
5 0.291972 0.826011 0.302169 0.200515
5 0.526880 0.384932 0.692923 0.397827
5 0.257648 0.636097 0.459866 0.187258
5 0.526420 0.386279 0.673765 0.400404
5 0.761445 0.930762 0.203545 0.138476
5 0.452270 0.502566 0.123138 0.112642
5 0.033206 0.599965 0.066413 0.250075
5 0.571326 0.149037 0.511272 0.297703
5 0.033699 0.599242 0.067398 0.252321
5 0.260608 0.061011 0.434026 0.122023
5 0.653585 0.498969 0.380309 0.196371
5 0.612139 0.938503 0.326559 0.122995
