5 0.483644 0.158144 0.394432 0.310937
5 0.615846 0.739748 0.381448 0.369049
5 0.803704 0.303061 0.285477 0.320698
5 0.598600 0.519679 0.397247 0.497695
5 0.200714 0.535373 0.398351 0.534921
5 0.860626 0.528695 0.170686 0.242528
5 0.802221 0.802068 0.386611 0.383728
5 0.281049 0.311735 0.254923 0.324916
5 0.278326 0.312897 0.251697 0.325883
5 0.228293 0.211739 0.147945 0.126831
5 0.465069 0.647731 0.129345 0.241464
5 0.464546 0.645124 0.127758 0.246611
5 0.598061 0.524412 0.401054 0.503611
5 0.607095 0.643013 0.415266 0.252886
5 0.701546 0.627890 0.585355 0.728007
