5 0.623396 0.264110 0.142137 0.190811
5 0.550365 0.370818 0.144209 0.203501
5 0.382815 0.225087 0.193720 0.235181
5 0.519975 0.230778 0.110545 0.183522
5 0.551772 0.372237 0.145834 0.202573
5 0.497684 0.661725 0.243151 0.339932
5 0.382733 0.226397 0.193144 0.233058
5 0.691642 0.337109 0.279760 0.337871
5 0.623426 0.263483 0.142401 0.190509
5 0.428820 0.350641 0.153902 0.316464
5 0.657436 0.552797 0.263300 0.295948
5 0.582703 0.325012 0.210376 0.311833
5 0.343578 0.455174 0.085130 0.245199
5 0.624071 0.500536 0.196800 0.191496
5 0.634124 0.500226 0.730719 0.999549
5 0.348480 0.454725 0.096157 0.245903
