5 0.424407 0.499636 0.625048 0.999271
5 0.073287 0.867719 0.146569 0.264150
5 0.740534 0.187053 0.165468 0.373750
5 0.174018 0.417636 0.204060 0.398986
5 0.076692 0.258322 0.153285 0.516644
5 0.832469 0.110392 0.062520 0.220784
5 0.724047 0.186929 0.197525 0.373821
5 0.711995 0.150324 0.079091 0.285844
5 0.785363 0.112026 0.166695 0.224052
5 0.654113 0.187117 0.342263 0.374235
5 0.036927 0.872053 0.073854 0.255529
5 0.185029 0.259105 0.370059 0.518210
5 0.714995 0.120480 0.316459 0.240959
5 0.173548 0.468904 0.201449 0.292655
5 0.728197 0.022121 0.168178 0.044242
5 0.471897 0.187782 0.764588 0.375564
5 0.159294 0.315008 0.108586 0.196118
5 0.180541 0.035354 0.141125 0.070541
5 0.172304 0.468397 0.200571 0.292255
