5 0.109377 0.880206 0.209027 0.229718
5 0.209783 0.444359 0.185595 0.320607
5 0.479011 0.900742 0.195814 0.198516
5 0.758156 0.078899 0.349300 0.155830
5 0.962257 0.290584 0.075485 0.363260
5 0.531874 0.633225 0.121265 0.186616
5 0.168275 0.865807 0.328433 0.262880
5 0.439731 0.838725 0.233810 0.317356
5 0.177290 0.217669 0.127909 0.198099
5 0.356926 0.025185 0.134017 0.048810
5 0.035809 0.104540 0.071618 0.197356
5 0.414315 0.547155 0.220000 0.437126
5 0.915522 0.259364 0.168956 0.453755
5 0.308759 0.929848 0.159187 0.140303
5 0.252612 0.112764 0.323401 0.222961
5 0.274483 0.113543 0.289286 0.222504
5 0.924444 0.810800 0.149367 0.238883
5 0.349838 0.112987 0.139873 0.222130
5 0.356815 0.025140 0.135657 0.048982
5 0.341398 0.302779 0.105344 0.175757
5 0.154704 0.218488 0.177100 0.206423
5 0.466741 0.060816 0.123499 0.121594
