5 0.570269 0.856028 0.173638 0.281889
5 0.372831 0.767393 0.257363 0.200321
5 0.483954 0.439554 0.169265 0.333143
5 0.483578 0.439379 0.170568 0.331882
5 0.373345 0.767911 0.256442 0.200912
5 0.700315 0.391542 0.276396 0.255345
5 0.576138 0.577462 0.232484 0.278740
5 0.701757 0.391729 0.276698 0.256518
5 0.576507 0.578007 0.231776 0.277692
5 0.650640 0.149930 0.312481 0.296662
5 0.292472 0.602825 0.223276 0.191967
5 0.690850 0.670861 0.246453 0.326137
5 0.691374 0.670364 0.245990 0.324779
5 0.034912 0.702931 0.069823 0.364794
5 0.282662 0.408507 0.256653 0.198439
5 0.653826 0.150694 0.305435 0.298964
5 0.282237 0.408537 0.256859 0.198257
5 0.846221 0.483260 0.162860 0.223884
5 0.835249 0.738613 0.234321 0.350806
5 0.834704 0.739106 0.234303 0.351061
5 0.132747 0.860557 0.259172 0.278886
5 0.132839 0.861066 0.259892 0.277868
5 0.104201 0.235518 0.207365 0.268207
5 0.488939 0.070765 0.204286 0.139227
5 0.078537 0.892296 0.151142 0.215408
5 0.489709 0.070873 0.207368 0.140081
5 0.109046 0.229967 0.196012 0.198084
5 0.924449 0.844185 0.151102 0.309695
5 0.373095 0.933252 0.257876 0.133496
5 0.794425 0.249522 0.160707 0.215945
5 0.845927 0.484420 0.162804 0.223964
5 0.797593 0.249861 0.175739 0.226892
5 0.120737 0.688201 0.121345 0.171131
5 0.848140 0.251678 0.284027 0.259630
5 0.777792 0.953524 0.294003 0.092952
5 0.949554 0.539422 0.100893 0.259232
5 0.373019 0.933775 0.257100 0.132450
5 0.209755 0.951503 0.084404 0.096993
5 0.488966 0.070691 0.205928 0.139548
5 0.811574 0.537101 0.096247 0.115082
5 0.117642 0.670887 0.129943 0.255184
5 0.854138 0.251509 0.286712 0.266231
